cell chr1.H1 chr2.H1 chr3.H1 chr4.H1 chr5.H1 chr6.H1 chr7.H1 chr8.H1 chr9.H1 chr10.H1 chr11.H1 chr12.H1 chr13.H1 chr14.H1 chr15.H1 chr16.H1 chr17.H1 chr18.H1 chr19.H1 chr20.H1 chr21.H1 chr22.H1 chrX.H1 chr1.H2 chr2.H2 chr3.H2 chr4.H2 chr5.H2 chr6.H2 chr7.H2 chr8.H2 chr9.H2 chr10.H2 chr11.H2 chr12.H2 chr13.H2 chr14.H2 chr15.H2 chr16.H2 chr17.H2 chr18.H2 chr19.H2 chr20.H2 chr21.H2 chr22.H2 chrX.H2 chr10tr
BM510x04_PE20301 1 1 1 1 1 2 1 2 2 2 1 1 1 2 1 1 2 2 2 2 1 2 2 2 2 2 2 1 2 1 1 1 1 2 1 1 1 1 2 2 1 1 1 1 1 1 1
BM510x04_PE20302 1 1 2 1 1 1 2 2 1 1 1 2 2 1 1 2 1 1 2 2 1 2 1 1 2 2 1 1 2 1 2 2 1 1 2 2 2 2 2 1 1 1 1 2 1 1 1
BM510x04_PE20303 1 1 1 1 2 2 1 1 1 2 2 2 2 2 2 1 2 2 2 1 2 2 2 1 2 2 2 1 2 2 1 2 1 2 2 2 1 1 1 1 1 2 1 2 1 1 1
BM510x04_PE20304 2 2 1 2 1 2 2 1 2 1 2 1 1 2 2 2 2 2 2 1 2 2 2 2 1 2 2 1 2 2 2 2 2 1 2 1 2 1 2 1 1 2 1 1 2 1 1
BM510x04_PE20305 2 1 1 1 2 1 1 2 2 2 1 1 1 1 2 2 2 2 2 1 1 1 1 2 2 1 2 2 2 1 2 1 1 1 1 1 1 1 2 1 2 1 1 1 2 1 1
BM510x04_PE20306 1 2 1 2 1 2 2 1 1 2 1 1 1 2 1 2 1 2 1 2 1 1 1 2 1 1 1 2 1 1 1 2 2 1 2 1 2 2 1 2 1 2 1 1 1 2 2
BM510x04_PE20307 1 1 2 1 1 1 2 1 2 2 2 1 1 2 1 2 1 1 1 2 1 1 1 1 1 2 2 2 1 2 2 1 1 2 1 1 2 1 1 2 2 1 2 2 1 2 2
BM510x04_PE20308 2 2 2 1 1 1 2 2 1 2 2 2 1 2 1 1 1 2 2 1 1 1 1 1 2 2 1 2 1 2 1 1 1 1 2 1 1 2 2 2 1 1 1 1 2 1 2
BM510x04_PE20309 2 1 1 2 1 1 1 2 2 2 1 1 2 1 2 2 2 2 1 1 1 2 1 1 2 2 2 2 1 1 1 1 1 1 1 2 2 2 1 1 2 2 1 1 2 2 2
BM510x04_PE20310 1 2 2 1 2 1 2 1 2 2 1 1 2 2 2 1 1 2 1 1 2 2 1 2 2 1 2 2 2 2 1 1 1 2 1 2 1 1 2 1 1 1 2 2 2 2 2
BM510x04_PE20311 1 2 1 1 1 1 2 1 1 1 2 1 1 1 1 2 2 1 2 1 2 2 1 1 1 1 1 2 2 2 1 1 2 1 1 1 2 2 1 2 2 2 1 2 2 2 2
BM510x04_PE20312 1 1 2 1 1 1 1 2 2 2 2 2 2 1 1 2 1 2 2 1 2 2 1 2 2 1 1 1 2 1 1 1 2 2 2 2 2 1 2 2 1 1 2 2 2 2 2
BM510x04_PE20313 1 1 1 1 2 1 1 1 1 2 1 2 1 2 1 2 1 2 1 2 1 1 1 1 2 1 1 1 1 2 2 2 1 2 2 1 2 2 1 1 1 1 2 1 1 1 1
BM510x04_PE20314 1 2 2 1 1 2 1 1 2 2 1 2 2 2 1 1 2 2 2 2 2 1 1 1 2 1 1 1 1 1 2 2 1 1 2 2 1 2 1 2 2 1 2 1 2 2 2
BM510x04_PE20316 1 1 1 1 2 2 2 1 2 1 1 1 1 2 1 2 2 2 1 1 1 2 1 1 1 2 1 2 1 2 2 2 2 1 2 1 2 1 1 1 2 2 1 2 1 1 1
BM510x04_PE20317 2 2 2 2 1 2 2 2 2 2 1 2 1 1 1 2 1 1 2 2 1 1 2 1 1 2 1 2 1 2 2 1 1 2 1 1 1 1 2 1 2 1 2 1 2 2 2
BM510x04_PE20318 2 2 2 2 1 2 2 1 2 1 1 1 1 2 1 1 2 1 2 2 1 2 1 1 1 1 1 1 2 2 1 1 1 1 2 1 1 2 1 1 1 1 2 1 2 1 1
BM510x04_PE20319 1 1 2 2 2 1 1 1 1 1 2 2 1 2 2 2 1 1 2 1 2 2 2 2 1 1 2 2 2 2 1 2 2 1 1 1 2 1 1 2 1 2 2 1 1 2 2
BM510x04_PE20321 2 1 2 1 2 1 2 1 1 1 2 1 1 2 1 1 2 2 1 1 1 1 2 1 1 2 2 1 2 1 2 1 2 1 2 1 1 2 1 1 1 1 2 1 2 2 2
BM510x04_PE20322 1 2 2 2 2 1 1 2 2 1 1 2 2 1 2 2 2 1 1 1 2 2 1 2 2 2 1 1 2 2 2 1 2 2 1 2 1 1 1 2 1 2 2 2 1 2 2
BM510x04_PE20325 1 1 1 1 2 1 1 2 2 1 2 2 2 2 2 1 1 2 1 1 1 1 2 2 2 1 2 1 1 1 1 1 1 2 1 2 2 2 2 2 1 2 2 2 2 1 1
BM510x04_PE20328 1 2 1 2 1 1 1 1 1 2 1 2 2 2 2 2 1 2 2 1 1 1 2 2 1 2 2 1 2 1 1 1 2 2 2 2 2 2 2 2 2 2 1 1 2 2 2
BM510x04_PE20329 2 1 1 1 2 2 2 2 1 2 2 1 2 1 1 1 2 1 1 1 1 2 2 1 1 1 2 1 2 2 1 1 1 1 2 2 1 2 1 2 1 2 1 1 1 1 1
BM510x04_PE20330 1 1 1 1 1 1 2 1 2 1 1 2 1 2 1 2 1 1 1 2 1 2 2 2 2 2 2 1 2 2 1 2 2 1 1 1 2 2 1 2 1 1 1 2 2 2 2
BM510x04_PE20331 2 2 1 1 2 2 2 2 1 1 2 1 1 1 1 1 2 1 1 1 2 2 1 2 1 1 1 2 1 2 2 2 2 2 1 1 2 2 2 2 2 1 2 1 1 2 2
BM510x04_PE20332 1 1 1 2 1 1 1 1 2 2 2 2 2 2 1 2 1 2 2 1 1 1 2 1 1 2 1 2 1 2 2 2 1 1 1 2 2 2 2 2 2 2 1 1 2 1 1
BM510x04_PE20333 1 1 1 1 2 1 1 2 2 2 1 2 2 2 1 1 1 1 1 2 1 1 2 1 1 2 1 2 2 2 2 2 1 2 2 2 2 1 1 2 1 2 2 1 1 2 2
BM510x04_PE20334 2 1 2 2 1 1 1 2 2 1 1 1 1 2 1 1 1 2 1 1 1 1 2 1 2 2 2 2 2 2 2 1 2 2 2 1 2 2 1 1 2 2 2 1 2 1 1
BM510x04_PE20335 1 2 1 1 1 1 2 1 2 1 1 2 1 2 2 1 2 2 1 1 1 1 1 1 1 1 1 2 2 1 1 1 2 2 2 1 2 2 2 2 1 1 2 1 2 1 1
BM510x04_PE20336 2 1 2 2 2 2 2 2 2 2 2 1 2 1 1 1 1 2 1 2 1 2 1 2 2 2 1 2 1 2 2 2 1 1 1 2 1 1 1 2 1 2 2 2 1 1 1
BM510x04_PE20337 1 2 1 1 1 1 1 1 1 2 2 1 2 1 2 2 1 2 2 1 2 2 1 1 1 2 1 1 2 2 1 2 1 1 2 2 2 1 1 2 2 1 1 2 2 1 1
BM510x04_PE20339 1 1 2 1 1 1 1 1 2 2 1 2 1 1 1 1 1 2 2 1 2 1 2 1 1 1 1 1 2 2 1 2 1 2 2 1 2 1 1 2 2 2 2 1 2 1 1
BM510x04_PE20340 1 2 2 2 1 1 1 2 2 1 1 1 2 2 1 1 2 1 2 1 1 1 2 1 2 1 2 1 2 2 2 1 2 1 1 2 2 2 2 1 2 1 1 2 2 1 2
BM510x04_PE20342 2 2 2 1 2 1 2 1 2 1 1 2 1 2 1 1 1 1 1 1 1 1 2 2 1 1 2 1 2 2 1 2 1 2 1 1 1 2 1 2 2 1 2 2 2 1 1
BM510x04_PE20343 1 1 2 1 2 1 1 2 1 1 1 2 2 1 2 1 1 1 1 2 2 2 2 2 2 1 2 2 1 1 1 2 1 2 1 2 1 1 2 1 2 1 2 2 2 2 2
BM510x04_PE20344 1 2 2 2 1 1 2 1 1 1 2 2 1 1 1 1 1 2 2 2 2 1 1 2 1 2 1 2 1 2 2 2 2 1 2 1 1 1 2 2 2 2 2 1 2 2 2
BM510x04_PE20345 2 2 2 1 1 1 1 2 2 1 1 1 1 1 2 2 2 1 1 2 1 2 2 2 2 2 2 1 2 2 2 2 2 2 1 1 2 1 1 2 2 1 2 2 2 2 2
BM510x04_PE20347 1 1 1 1 1 2 1 2 1 2 2 1 1 2 2 2 2 2 2 2 1 2 2 1 2 1 2 2 2 1 2 2 2 1 1 1 2 1 2 1 1 2 1 2 1 2 2
BM510x04_PE20348 1 2 1 2 2 1 2 1 2 1 1 1 1 2 2 2 2 1 1 1 2 2 1 2 1 1 2 1 2 1 1 2 2 1 2 1 2 2 2 2 2 2 1 2 1 2 2
BM510x04_PE20353 2 1 2 1 2 2 2 2 2 1 2 2 2 2 2 1 2 1 1 2 2 1 1 1 1 1 1 1 1 1 2 2 2 1 1 2 2 1 1 2 2 1 1 1 2 1 1
BM510x04_PE20355 2 1 2 2 1 2 1 1 1 2 2 1 2 2 2 1 1 2 1 1 2 1 1 2 2 1 1 2 2 1 1 1 1 2 1 2 2 2 2 1 1 1 1 1 1 2 2
BM510x04_PE20356 2 2 1 2 1 1 2 1 2 2 1 1 1 1 2 2 2 2 1 2 2 2 2 2 1 1 1 1 2 1 1 2 1 2 1 1 1 2 2 2 2 1 2 1 1 2 2
BM510x04_PE20357 1 1 2 2 2 2 1 2 2 1 2 2 1 1 1 2 1 1 1 1 1 1 1 2 2 1 2 1 1 1 1 2 2 1 2 1 2 1 1 2 1 2 1 2 1 2 2
BM510x04_PE20358 1 1 1 2 1 1 2 2 1 2 2 1 2 1 2 1 1 2 1 1 2 1 1 1 2 2 1 2 1 1 1 2 1 1 1 2 1 2 1 1 2 1 2 2 1 1 1
BM510x04_PE20359 1 2 2 2 1 1 1 2 1 2 1 2 1 2 1 2 1 1 1 2 2 1 1 2 2 1 1 2 1 2 2 1 2 2 2 1 1 2 2 2 2 2 1 2 1 2 2
BM510x04_PE20360 1 2 1 1 1 1 1 1 2 1 1 1 1 2 1 2 2 1 2 2 2 2 1 2 2 1 1 2 1 1 1 1 2 1 1 1 1 2 1 2 2 1 1 2 1 2 2
BM510x04_PE20361 2 1 2 1 2 2 2 2 1 1 2 1 2 1 1 1 2 1 1 1 1 1 2 2 2 1 2 1 1 2 2 2 1 2 2 2 1 1 2 1 1 2 1 2 1 1 1
BM510x04_PE20362 1 2 2 1 1 2 2 1 1 1 2 2 1 2 1 1 2 2 1 1 2 1 1 2 2 2 2 1 1 2 2 1 1 1 2 1 2 2 2 2 2 2 1 2 1 1 1
BM510x04_PE20363 1 1 2 1 2 2 2 2 2 1 1 2 2 1 2 2 2 2 2 2 2 2 1 2 1 1 2 2 1 2 1 1 2 1 2 2 2 1 1 1 1 1 1 2 2 2 1
BM510x04_PE20365 2 2 1 2 1 2 1 2 1 2 1 1 1 1 1 1 2 1 1 1 2 2 1 1 2 2 2 2 1 2 2 2 1 2 2 1 2 2 1 2 2 2 1 2 1 1 1
BM510x04_PE20366 1 2 1 2 2 1 1 1 1 2 2 1 2 2 1 2 1 2 1 1 1 1 2 2 1 2 1 2 2 1 1 1 1 1 2 2 1 1 1 2 1 2 2 1 1 1 1
BM510x04_PE20367 1 2 2 1 2 1 2 1 1 1 1 1 2 2 1 2 1 2 2 2 1 1 2 1 1 1 1 2 2 1 2 2 1 2 1 2 1 2 1 2 2 1 2 1 2 1 1
BM510x04_PE20368 1 1 1 2 1 2 1 2 1 2 1 1 1 2 2 1 1 2 1 2 2 1 1 1 1 2 2 2 2 1 1 1 1 2 1 1 2 1 2 1 1 1 2 1 1 1 1
BM510x04_PE20370 2 2 2 2 2 2 1 2 2 2 2 1 1 1 1 2 2 2 1 2 1 2 1 2 2 2 1 2 1 2 1 1 2 1 1 1 1 2 1 2 2 1 1 2 2 2 2
BM510x04_PE20371 1 1 2 2 2 2 1 1 2 1 1 1 1 1 1 2 2 1 2 2 1 1 2 1 1 1 1 2 2 2 2 1 2 1 1 1 1 1 1 1 2 1 2 2 2 2 2
BM510x04_PE20372 2 2 1 2 2 2 1 1 2 1 1 2 1 1 1 2 1 2 2 1 2 2 1 1 2 2 1 1 2 1 1 1 1 2 2 1 2 2 1 2 1 1 2 2 1 1 1
BM510x04_PE20373 1 2 2 2 2 1 1 2 1 2 2 2 2 2 2 2 1 1 1 2 1 2 2 2 2 2 1 1 1 1 1 2 1 1 1 2 2 2 2 1 1 2 1 1 1 1 1
BM510x04_PE20374 2 2 1 2 2 1 1 2 1 1 1 2 2 2 1 1 1 2 2 1 1 1 1 2 1 2 1 2 2 2 2 1 2 2 1 2 1 2 1 2 2 2 2 1 1 2 2
BM510x04_PE20375 2 2 2 1 1 2 1 1 2 2 1 1 1 2 1 1 2 1 1 1 1 1 2 2 2 2 2 1 1 2 2 1 1 2 1 1 2 2 1 1 1 1 2 2 1 2 2
BM510x04_PE20377 2 1 1 1 2 2 2 2 1 2 2 1 1 2 2 1 2 1 2 1 2 1 1 1 1 1 1 2 1 1 1 1 1 2 2 1 1 2 2 1 2 2 2 1 2 1 1
BM510x04_PE20378 1 1 2 1 2 1 2 1 1 2 1 2 1 1 2 1 1 2 1 2 2 1 1 2 2 2 2 1 1 2 1 1 2 1 1 1 2 1 2 1 2 1 1 1 1 1 2
BM510x04_PE20379 1 2 2 2 2 2 1 2 1 1 1 1 2 1 1 1 1 1 2 2 1 2 1 2 2 2 1 1 1 2 2 2 2 2 2 2 1 1 2 2 2 2 1 1 2 2 2
BM510x04_PE20380 1 2 1 1 1 1 1 1 1 2 2 1 2 1 2 1 1 1 2 2 2 1 1 1 2 2 2 2 1 2 2 1 1 1 2 2 1 1 2 2 2 1 1 1 1 2 2
BM510x04_PE20381 1 1 2 1 1 1 1 2 1 2 2 2 1 1 1 1 1 1 1 2 1 2 2 1 2 1 2 1 1 1 1 1 1 2 1 1 1 2 2 1 2 1 2 2 1 2 2
BM510x04_PE20382 1 2 2 2 1 2 2 2 1 2 1 2 2 2 2 2 2 2 1 2 2 2 2 1 1 2 1 1 1 1 1 2 1 1 2 2 1 1 2 1 2 1 2 1 1 1 2
BM510x04_PE20383 2 2 2 2 2 2 2 1 1 2 2 2 2 1 2 1 2 2 1 1 2 2 2 1 2 1 1 2 1 1 1 2 1 2 2 2 2 2 2 2 2 2 1 2 1 1 1
BM510x04_PE20384 1 1 2 1 2 1 1 2 2 2 1 2 1 2 1 1 1 1 2 2 1 2 1 1 2 2 2 2 1 2 2 1 1 1 2 1 1 1 1 2 2 1 2 1 2 1 1
BM510x04_PE20386 1 2 2 2 1 1 1 1 1 1 2 1 1 1 2 1 1 2 2 2 1 2 1 1 1 1 2 2 2 2 2 2 1 1 2 1 2 1 1 2 2 1 2 1 2 1 1
BM510x04_PE20387 1 1 1 2 1 1 1 1 1 2 2 2 1 1 1 2 1 2 2 2 2 1 2 1 2 1 1 2 1 1 1 1 1 1 2 1 2 1 1 1 2 1 2 1 2 2 2
BM510x04_PE20389 1 2 1 1 1 1 2 1 2 1 1 1 2 1 1 1 1 1 1 2 2 2 1 2 2 1 1 1 2 2 1 1 2 2 2 2 2 1 1 2 2 1 2 2 1 1 1
BM510x04_PE20390 1 1 1 1 2 1 1 1 2 1 2 1 2 2 1 1 1 1 1 1 1 1 1 1 2 2 2 1 1 1 2 1 1 2 2 2 2 1 2 1 2 1 2 2 1 1 1
BM510x04_PE20392 1 1 2 2 1 1 1 1 2 1 1 1 1 1 1 2 2 1 1 2 2 1 1 2 1 1 1 1 2 1 2 1 1 2 1 1 2 2 2 2 1 2 2 2 1 2 1
BM510x04_PE20393 1 2 1 1 1 1 2 1 1 1 2 2 1 1 1 2 1 1 1 1 2 1 1 1 2 1 1 1 1 1 2 1 2 1 2 1 1 2 1 1 1 1 1 1 1 2 2
BM510x04_PE20394 1 1 1 2 2 2 1 2 2 1 2 1 2 2 2 1 1 1 2 1 2 1 1 2 1 2 2 2 2 1 2 2 2 2 1 2 1 2 2 2 1 2 1 2 1 1 1
BM510x04_PE20395 2 2 2 2 2 1 1 2 2 1 2 1 1 1 2 2 2 1 1 2 2 1 1 1 2 1 2 1 2 2 1 1 1 2 1 1 2 1 1 2 1 1 1 2 1 1 1
BM510x3PE20401 2 2 1 2 2 1 2 2 2 2 2 1 2 1 2 1 2 2 1 1 1 1 1 2 1 2 1 1 2 1 1 1 2 1 2 2 1 2 2 1 1 2 2 1 1 2 2
BM510x3PE20402 2 1 2 2 2 2 1 2 2 1 1 2 2 1 2 2 1 1 2 1 1 1 1 2 2 1 2 1 1 1 2 2 1 1 2 2 2 1 1 2 2 1 1 1 2 1 1
BM510x3PE20403 2 1 1 1 1 1 2 2 1 2 1 2 2 1 2 1 1 2 2 2 2 1 2 1 2 2 1 2 2 2 1 2 1 2 2 2 2 2 1 1 2 2 2 2 1 2 2
BM510x3PE20406 1 1 1 2 2 1 1 1 1 2 1 2 1 2 2 1 2 2 1 1 1 2 2 2 1 2 1 2 2 2 2 1 2 1 2 1 2 1 2 1 2 2 1 1 2 2 2
BM510x3PE20407 1 1 1 2 2 1 2 1 2 1 1 1 2 1 2 1 1 1 1 2 1 1 1 1 1 2 1 1 1 1 1 1 2 2 1 2 2 1 1 1 2 2 1 2 2 1 1
BM510x3PE20408 1 1 2 2 1 1 2 2 2 1 2 1 1 2 1 1 2 1 2 1 2 2 2 2 1 1 2 2 1 1 1 2 2 2 2 1 2 2 2 2 2 2 2 1 2 2 2
BM510x3PE20410 1 2 1 1 2 1 2 1 1 2 2 1 1 2 1 2 2 1 2 1 1 1 2 1 1 2 2 2 2 1 2 1 2 1 1 1 1 2 1 1 1 1 2 1 2 2 2
BM510x3PE20411 1 2 2 2 2 1 2 2 1 2 1 1 2 1 2 1 2 1 2 1 2 2 1 1 1 1 2 1 1 2 2 1 1 2 2 2 2 2 2 1 2 1 2 2 2 1 1
BM510x3PE20414 1 2 1 1 1 2 1 2 1 2 2 2 1 2 1 1 1 2 2 1 1 2 2 2 1 2 2 2 2 1 1 2 1 2 1 1 2 1 2 2 1 2 1 2 2 1 1
BM510x3PE20415 2 1 1 2 2 2 1 1 1 1 2 1 2 2 2 2 2 2 2 1 1 2 1 2 1 1 1 2 1 1 1 2 1 2 1 2 1 1 1 1 2 2 1 1 2 1 1
BM510x3PE20416 2 1 2 1 1 2 2 2 1 1 1 2 2 2 2 2 1 1 1 2 2 1 2 1 1 2 2 2 1 2 2 1 2 2 2 2 1 1 1 2 1 2 1 1 2 1 1
BM510x3PE20417 1 1 1 1 2 1 2 1 1 2 2 1 1 2 1 1 2 1 1 1 1 1 1 1 1 1 1 2 1 1 1 2 1 1 1 1 1 1 1 1 1 2 2 2 1 1 1
BM510x3PE20418 2 1 1 2 2 1 2 1 1 1 2 2 2 2 1 2 1 2 1 1 1 2 1 2 2 2 1 2 2 1 2 1 2 2 2 2 2 2 1 1 1 2 2 1 1 1 1
BM510x3PE20419 1 2 2 1 1 1 2 1 1 1 1 2 2 1 1 2 1 2 2 2 1 1 1 1 2 2 2 2 2 2 1 1 2 2 1 2 2 1 1 2 2 2 1 1 2 2 2
BM510x3PE20421 1 2 2 1 1 2 2 1 2 1 2 2 2 1 1 1 2 1 1 2 1 1 2 1 1 1 1 2 2 2 1 1 2 1 1 2 1 2 1 2 2 2 2 2 1 2 2
BM510x3PE20422 1 1 1 1 1 1 2 2 1 1 1 1 2 1 2 1 2 1 2 2 1 2 2 2 2 2 1 1 1 1 2 1 2 1 2 2 2 1 1 2 1 1 1 2 1 2 2
BM510x3PE20423 1 2 1 1 1 1 2 1 2 1 2 2 2 1 1 1 1 1 1 1 1 2 1 1 2 1 2 2 2 2 2 2 1 2 1 2 1 2 2 2 1 2 2 1 2 1 1
BM510x3PE20424 1 1 1 1 1 1 2 2 2 1 2 1 1 1 1 2 1 2 2 1 1 1 1 1 2 2 1 1 1 2 1 1 2 1 2 1 2 2 2 1 1 2 1 2 1 1 1
BM510x3PE20425 1 2 1 1 1 2 1 2 1 2 1 1 2 1 2 2 1 2 2 1 1 1 1 2 2 1 2 1 1 1 1 1 1 1 2 2 2 1 2 2 1 2 2 1 2 2 2
BM510x3PE20426 2 2 2 2 1 1 2 1 2 1 2 2 1 2 1 1 2 1 1 2 2 2 2 1 2 2 2 1 1 2 1 2 1 1 2 1 2 2 2 2 2 1 1 1 2 1 1
BM510x3PE20427 2 2 1 2 2 1 2 2 2 1 1 1 2 2 2 2 1 2 2 2 2 2 2 2 2 1 2 2 2 2 2 2 2 1 1 2 1 1 2 2 1 2 2 2 1 2 2
BM510x3PE20429 1 2 2 2 1 2 2 1 2 1 2 1 2 2 1 1 2 2 1 2 1 2 2 2 2 2 1 2 1 1 2 2 1 1 1 2 2 2 2 2 2 2 1 2 2 1 1
BM510x3PE20431 1 1 1 2 1 2 1 1 1 1 2 1 1 1 2 2 1 1 2 2 2 1 1 1 1 2 2 2 1 1 1 2 2 2 1 1 1 2 1 2 2 1 1 2 2 2 2
BM510x3PE20433 1 1 1 1 1 2 1 2 1 2 2 2 1 1 2 1 1 1 1 1 2 2 2 2 1 2 1 2 2 2 2 1 2 1 2 1 1 1 1 2 1 1 2 1 2 2 2
BM510x3PE20435 1 1 2 2 1 1 1 1 1 2 2 2 2 2 1 1 2 1 1 1 1 2 1 2 2 2 1 2 1 2 2 1 1 2 1 2 1 1 2 1 2 2 1 2 2 2 2
BM510x3PE20436 2 1 1 1 1 1 1 2 1 1 2 2 2 1 2 1 2 1 2 1 2 1 1 1 1 2 1 1 2 2 2 1 1 1 2 2 2 1 1 2 1 2 2 2 1 1 1
BM510x3PE20437 2 1 2 1 2 1 2 1 2 2 2 1 2 2 2 1 1 2 2 1 2 2 2 2 2 2 1 2 1 1 2 1 1 2 2 2 1 2 1 1 1 1 1 2 1 1 1
BM510x3PE20438 1 2 1 1 2 1 1 1 2 2 1 2 1 2 1 2 1 2 1 1 1 1 1 2 1 1 1 2 2 1 2 1 1 1 2 1 2 2 2 2 1 1 1 1 1 2 2
BM510x3PE20439 2 1 1 2 1 1 2 2 2 2 1 2 1 1 2 2 2 1 2 1 1 1 1 1 1 1 2 1 1 2 2 2 1 2 1 1 1 1 2 2 1 2 2 1 2 1 1
BM510x3PE20440 1 1 2 2 1 1 2 2 2 1 1 1 2 2 2 1 2 2 2 2 1 2 1 1 1 2 2 2 2 1 2 2 2 2 2 2 2 2 1 1 2 2 1 2 2 2 2
BM510x3PE20441 2 2 2 1 1 1 2 2 2 1 2 1 1 1 1 1 1 2 1 1 2 1 1 1 1 1 2 1 2 2 1 2 2 2 1 1 1 1 1 2 2 2 1 2 2 2 2
BM510x3PE20444 1 2 2 1 1 2 2 1 2 1 1 2 2 1 2 1 1 1 2 1 2 2 2 1 2 2 1 1 2 1 2 2 2 2 1 2 2 1 1 1 1 1 1 1 1 1 1
BM510x3PE20446 1 1 2 2 2 2 2 1 2 2 2 1 1 2 1 2 1 1 1 2 2 2 2 2 2 2 2 2 2 1 2 2 1 1 2 1 2 1 2 2 1 2 1 2 2 1 1
BM510x3PE20447 2 2 1 1 2 2 1 2 1 1 1 2 1 2 2 1 2 2 1 1 2 2 1 2 1 1 2 2 2 1 2 2 2 2 2 1 1 2 2 1 2 2 2 2 2 2 2
BM510x3PE20448 2 1 1 1 1 2 2 1 1 1 2 2 2 1 2 2 2 1 2 1 1 1 1 1 1 2 2 2 1 2 1 2 1 2 1 2 1 2 2 2 2 2 2 1 1 1 1
BM510x3PE20449 1 1 1 1 2 2 2 1 2 1 1 2 1 2 1 1 2 1 1 2 2 1 2 2 2 2 2 2 2 2 2 1 2 2 2 1 2 2 1 1 2 2 1 2 1 2 2
BM510x3PE20450 2 2 1 1 2 2 2 2 2 1 1 2 2 1 1 1 2 2 2 2 1 1 1 2 2 2 2 2 1 1 1 1 2 2 1 2 2 1 2 2 1 1 1 1 2 2 2
BM510x3PE20452 2 1 2 1 2 1 2 1 1 1 1 2 1 2 1 2 2 2 1 1 1 1 1 1 2 1 1 2 1 1 1 2 2 2 1 1 2 1 2 1 2 2 1 2 1 2 2
BM510x3PE20453 1 2 2 2 1 2 2 1 1 1 2 1 1 2 1 1 2 2 1 2 2 1 2 1 2 1 1 1 1 1 2 2 2 1 2 1 1 2 1 2 1 2 2 1 2 1 1
BM510x3PE20454 1 1 2 2 1 1 1 1 2 1 2 1 2 2 1 2 2 2 2 1 2 2 1 1 2 1 2 1 1 1 1 2 2 2 1 2 1 2 1 2 1 2 2 2 2 2 2
BM510x3PE20455 1 1 2 1 2 2 1 2 1 1 1 1 1 1 1 2 1 1 1 2 1 2 2 1 1 2 2 2 1 1 1 2 1 1 2 1 1 1 1 2 1 2 2 2 2 1 1
BM510x3PE20456 2 2 2 2 2 1 2 1 2 2 2 1 1 1 2 2 2 1 1 1 2 1 2 2 2 1 2 2 1 2 2 1 1 2 2 1 2 2 1 1 1 2 1 1 1 1 1
BM510x3PE20457 1 1 2 1 1 2 2 2 2 2 2 2 2 1 1 1 1 2 1 2 1 2 1 1 1 2 1 2 2 1 2 2 1 1 1 2 1 1 2 2 1 2 2 2 2 2 2
BM510x3PE20458 2 1 1 1 1 1 1 1 2 2 2 2 1 1 2 2 1 2 1 2 2 1 2 2 1 1 2 2 1 2 2 1 1 1 1 1 1 2 2 2 1 1 2 2 2 2 2
BM510x3PE20460 2 1 2 2 1 2 1 2 2 1 1 1 2 2 1 1 1 1 2 2 1 1 1 2 2 2 1 1 2 2 2 2 2 1 1 2 1 2 2 1 2 1 2 2 1 2 2
BM510x3PE20462 2 1 2 2 2 1 2 2 2 1 1 2 2 1 2 2 2 1 2 1 2 1 2 1 1 2 1 2 1 1 2 1 2 1 2 2 2 2 1 1 2 1 2 2 1 2 2
BM510x3PE20463 2 1 1 2 1 2 2 2 2 1 1 2 1 2 1 1 1 1 2 1 1 1 1 1 1 2 1 1 1 2 2 2 2 1 1 1 2 2 2 2 2 1 2 1 1 2 2
BM510x3PE20464 1 1 2 2 1 1 2 1 1 1 2 1 2 1 2 1 1 1 1 2 1 1 1 2 2 2 2 1 1 2 2 2 2 2 2 2 1 2 2 1 2 1 1 1 2 2 2
BM510x3PE20468 1 1 2 1 2 1 1 2 2 1 1 2 2 2 2 2 1 2 2 2 2 2 2 1 2 1 2 1 1 2 2 1 2 1 2 2 1 1 2 1 2 2 2 1 2 2 2
BM510x3PE20469 1 2 1 2 2 2 1 1 1 1 1 2 2 2 1 1 1 1 2 2 1 2 1 2 1 2 1 1 2 1 1 1 2 2 1 2 2 1 1 1 1 2 1 1 2 2 2
BM510x3PE20471 2 1 1 1 1 1 1 2 1 1 2 2 1 2 2 1 1 1 1 1 1 2 2 2 2 1 2 1 1 1 1 2 2 1 1 1 2 1 1 1 2 1 2 2 1 1 1
BM510x3PE20473 2 1 1 2 2 1 1 1 2 1 1 1 2 1 1 1 2 2 1 2 1 1 2 2 2 2 1 2 1 1 2 2 2 1 1 2 1 2 2 1 1 1 1 2 1 2 2
BM510x3PE20474 1 1 2 2 2 2 1 1 2 2 1 1 2 1 2 1 1 2 1 2 2 2 2 1 1 2 1 2 2 1 2 1 1 2 2 2 1 2 2 1 1 1 1 1 1 1 1
BM510x3PE20476 1 1 2 2 2 2 1 2 2 2 1 1 2 1 1 2 2 1 1 2 1 2 2 1 1 1 1 2 2 1 2 2 1 1 2 2 2 2 2 2 1 2 2 2 1 1 1
BM510x3PE20477 2 2 1 1 1 2 2 1 2 2 1 2 1 2 1 1 1 2 2 1 1 2 2 1 1 1 2 2 2 2 2 2 1 2 2 1 1 2 2 1 2 1 2 1 2 2 2
BM510x3PE20479 1 1 1 1 1 2 2 1 1 1 2 1 1 2 2 1 1 1 1 1 1 1 2 1 2 2 2 1 1 2 1 2 2 1 2 1 1 1 2 1 2 1 2 2 2 1 1
BM510x3PE20480 1 1 1 2 2 2 1 1 2 1 1 2 2 1 2 2 1 2 1 1 1 1 1 2 1 2 2 1 1 1 1 1 2 2 1 2 1 1 1 2 2 1 2 2 2 1 1
BM510x3PE20481 2 2 2 1 1 1 2 2 1 1 1 2 1 1 1 1 1 2 1 1 1 2 2 2 2 1 1 2 2 2 2 1 2 2 1 1 1 1 2 2 1 1 1 1 1 2 2
BM510x3PE20482 1 1 1 2 1 2 1 2 2 2 1 1 2 2 2 1 1 1 1 1 2 2 2 2 2 2 1 1 2 2 2 1 1 1 2 2 1 1 1 2 1 1 2 1 2 1 1
BM510x3PE20483 1 1 2 2 1 1 2 2 1 2 2 2 1 2 2 1 2 2 2 1 2 2 1 1 1 2 2 1 2 1 1 2 1 1 2 1 1 2 2 1 2 2 2 2 2 1 1
BM510x3PE20485 1 2 1 1 2 1 1 1 1 2 2 1 2 2 1 2 1 2 1 1 1 1 1 1 1 2 2 1 2 1 2 2 1 2 2 2 2 1 1 2 1 2 2 2 1 1 1
BM510x3PE20486 2 2 2 1 1 2 2 1 1 2 2 2 1 2 1 2 2 1 1 2 2 2 1 1 2 2 1 1 2 1 1 2 1 1 1 1 2 1 2 2 1 2 1 2 2 1 1
BM510x3PE20487 2 1 2 1 1 1 1 2 1 1 1 2 1 2 1 2 2 2 1 2 2 1 1 1 1 1 1 1 2 2 2 1 2 2 2 1 2 2 1 2 1 1 1 1 1 2 2
BM510x3PE20488 1 1 2 1 1 2 1 1 2 1 2 2 1 1 2 2 1 2 1 2 2 2 2 2 1 2 1 2 1 2 1 1 2 1 1 1 2 1 1 1 2 2 1 1 2 2 2
BM510x3PE20489 1 2 1 2 1 2 1 1 1 1 2 1 1 2 1 2 2 1 2 1 1 2 2 2 1 2 1 2 2 2 2 2 2 2 1 1 1 1 1 2 1 1 1 1 1 2 2
BM510x3PE20490 1 2 1 2 2 1 1 2 1 2 2 1 1 1 2 1 1 1 1 2 1 1 1 2 1 1 2 2 1 1 1 1 1 2 1 1 2 2 1 1 1 1 1 1 2 2 2
BM510x3PE20491 2 2 2 2 1 1 1 2 1 1 2 2 1 2 2 1 2 1 1 1 2 2 1 2 1 2 1 2 2 2 1 2 2 1 2 1 2 1 2 1 1 2 2 1 1 1 1
BM510x3PE20492 2 2 2 2 2 2 2 1 1 2 1 2 2 1 1 1 1 2 2 2 1 1 2 2 1 2 2 2 1 2 2 2 1 1 1 2 2 1 1 1 2 2 1 2 2 2 2
BM510x3PE20495 1 1 1 1 2 1 2 2 1 2 1 1 2 2 1 1 1 1 2 1 1 1 2 1 1 2 2 1 1 2 2 1 2 1 1 2 1 1 2 1 2 2 2 1 2 2 2
BM510x3PE20496 1 2 2 1 2 1 1 1 1 2 2 1 2 1 2 1 1 2 1 1 2 1 2 1 1 1 2 2 2 1 2 1 1 1 1 2 1 2 1 2 1 2 1 2 1 1 1
