segA segB cor p x n pBH
chr1.H1 chr1.H1 1 3.87803055381984e-41 145 145 9.11337180147662e-40
chr2.H1 chr1.H1 0.0693432235808512 0.490574921042299 79 145 1
chr3.H1 chr1.H1 0.0411323645099728 0.731359878177871 75 145 1
chr4.H1 chr1.H1 0.0657957056797914 0.492626349583971 78 145 1
chr5.H1 chr1.H1 0.0693432235808512 0.490574921042299 79 145 1
chr6.H1 chr1.H1 0.10587007127978 0.225138263859697 83 145 0.914885970786274
chr7.H1 chr1.H1 0.176501007472782 0.0399512995849855 85 145 0.500722954798485
chr8.H1 chr1.H1 0.20861572549371 0.0159341894356477 88 145 0.25676808119158
chr9.H1 chr1.H1 0.0802813947033389 0.391473943732787 78 145 0.977387167998401
chr10.H1 chr1.H1 -0.0738870815362916 0.39376405605184 69 145 0.977387167998401
chr11.H1 chr1.H1 -0.0125955565963553 1 72 145 1
chr12.H1 chr1.H1 0.0444780592308797 0.610506437682113 76 145 1
chr13.H1 chr1.H1 -0.0876118363368218 0.307757566225972 67 145 0.96209727192286
chr14.H1 chr1.H1 -0.0657957056797914 0.492626349583971 67 145 1
chr15.H1 chr1.H1 0.051434449987364 0.605405624718778 78 145 1
chr16.H1 chr1.H1 -0.0527025421332884 0.604727953570904 71 145 1
chr17.H1 chr1.H1 0.234585751450426 0.00577016454142372 91 145 0.108479093378766
chr18.H1 chr1.H1 0.0517500166837699 0.607258838925039 76 145 1
chr19.H1 chr1.H1 -0.0420766430696172 0.729165353732787 72 145 1
chr20.H1 chr1.H1 -0.159825264606577 0.0599397101027442 63 145 0.650115317268225
chr21.H1 chr1.H1 -0.00593474422931123 1 74 145 1
chr22.H1 chr1.H1 -0.0770243141341271 0.392607952081492 68 145 0.977387167998401
chrX.H1 chr1.H1 -0.00593474422931123 1 74 145 1
chr1.H2 chr1.H1 0.0551265487063149 0.606404257208403 77 145 1
chr2.H2 chr1.H1 0.033844117374937 0.732832657531901 75 145 1
chr3.H2 chr1.H1 -0.0334839459418261 0.731150023571881 68 145 1
chr4.H2 chr1.H1 -0.0125955565963553 1 72 145 1
chr5.H2 chr1.H1 0.0346193413376488 0.731405444020057 73 145 1
chr6.H2 chr1.H1 -0.023218638664201 0.863987534743513 71 145 1
chr7.H2 chr1.H1 0.155279596164443 0.0853917031274876 83 145 0.75577422728329
chr8.H2 chr1.H1 0.0558449821883375 0.605560699052986 75 145 1
chr9.H2 chr1.H1 0.0444780592308797 0.610506437682113 76 145 1
chr10.H2 chr1.H1 -0.0590641593281945 0.496734961701298 69 145 1
chr11.H2 chr1.H1 0.101551675058115 0.234262682868566 80 145 0.914885970786274
chr12.H2 chr1.H1 -0.0730148671444972 0.395774005050024 67 145 0.977387167998401
chr13.H2 chr1.H1 -0.0876118363368218 0.307757566225972 67 145 0.96209727192286
chr14.H2 chr1.H1 -0.0479058862106672 0.607963017975231 68 145 1
chr15.H2 chr1.H1 0.137344150742477 0.122493360311661 82 145 0.800346327740544
chr16.H2 chr1.H1 -0.00196880531093982 1 73 145 1
chr17.H2 chr1.H1 -0.0622127753001975 0.491873307725576 66 145 1
chr18.H2 chr1.H1 0.0125955565963553 1 73 145 1
chr19.H2 chr1.H1 -0.0551265487063149 0.606404257208404 68 145 1
chr20.H2 chr1.H1 0.0125955565963553 1 73 145 1
chr21.H2 chr1.H1 -0.090906873414075 0.305472717388049 66 145 0.96209727192286
chr22.H2 chr1.H1 -0.0836742257149422 0.390349890842357 66 145 0.977387167998401
chrX.H2 chr1.H1 -0.0444780592308797 0.610506437682113 69 145 1
chr10tr chr1.H1 -0.0372317017170077 0.731609643891732 69 145 1
chr2.H1 chr2.H1 1 6.05101107065401e-43 145 145 1.84474067235074e-41
chr3.H1 chr2.H1 0.0364924330230664 0.739294487919816 75 145 1
chr4.H1 chr2.H1 0.0719069701769051 0.408215926868994 78 145 0.977387167998401
chr5.H1 chr2.H1 -0.0845799769850403 0.320835761550999 67 145 0.96209727192286
chr6.H1 chr2.H1 -0.00872653655596774 1 73 145 1
chr7.H1 chr2.H1 0.117097408252711 0.183773697938869 81 145 0.857333090750419
chr8.H1 chr2.H1 -0.177663764080704 0.0448434561471998 60 145 0.510781949094062
chr9.H1 chr2.H1 -0.0893990001015801 0.3190241121719 66 145 0.96209727192286
chr10.H1 chr2.H1 -0.00115074798619102 1 73 145 1
chr11.H1 chr2.H1 -0.0364924330230664 0.739294487919816 70 145 1
chr12.H1 chr2.H1 -0.0364924330230664 0.739294487919816 70 145 1
chr13.H1 chr2.H1 -0.0793200412877905 0.404711647379167 67 145 0.977387167998401
chr14.H1 chr2.H1 -0.0164468070085474 0.868672266920547 71 145 1
chr15.H1 chr2.H1 -0.127712809855034 0.134753107537309 64 145 0.800346327740544
chr16.H1 chr2.H1 -0.00365456416242785 1 73 145 1
chr17.H1 chr2.H1 0.0800157206089465 0.401659379114492 79 145 0.977387167998401
chr18.H1 chr2.H1 0.0490930406540728 0.618043266584621 76 145 1
chr19.H1 chr2.H1 0.00905597351265828 1 74 145 1
chr20.H1 chr2.H1 -0.0289604909858074 0.740862601329111 71 145 1
chr21.H1 chr2.H1 0.0672172683447549 0.502765100503099 78 145 1
chr22.H1 chr2.H1 0.0719069701769051 0.408215926868994 78 145 0.977387167998401
chrX.H1 chr2.H1 -0.0720185017979516 0.406538710524414 68 145 0.977387167998401
chr1.H2 chr2.H1 0.11467957776548 0.184896915586245 81 145 0.857333090750419
chr2.H2 chr2.H1 -0.0213946325029422 0.868009993460328 71 145 1
chr3.H2 chr2.H1 -0.107905815532738 0.240153725662199 64 145 0.914885970786274
chr4.H2 chr2.H1 -0.0641961125431954 0.505597916748788 68 145 1
chr5.H2 chr2.H1 -0.0115229602876723 1 71 145 1
chr6.H2 chr2.H1 0.172494224554972 0.0458849797108618 85 145 0.510781949094062
chr7.H2 chr2.H1 0.0918997920633243 0.317846558814149 79 145 0.96209727192286
chr8.H2 chr2.H1 -0.0417624796951338 0.620783512803136 69 145 1
chr9.H2 chr2.H1 -0.00878875350293746 1 72 145 1
chr10.H2 chr2.H1 0.00382265259218268 1 73 145 1
chr11.H2 chr2.H1 0.0466186055373204 0.618913686437135 76 145 1
chr12.H2 chr2.H1 -0.0189149260171915 0.868333498378317 71 145 1
chr13.H2 chr2.H1 -0.0793200412877905 0.404711647379167 67 145 0.977387167998401
chr14.H2 chr2.H1 -0.00133971588756305 1 72 145 1
chr15.H2 chr2.H1 0.132188265107465 0.134224699508858 82 145 0.800346327740544
chr16.H2 chr2.H1 0.0315368838855071 0.740537450428489 75 145 1
chr17.H2 chr2.H1 0.254665418476551 0.00255909121121255 90 145 0.0523924302387795
chr18.H2 chr2.H1 0.00878875350293746 1 73 145 1
chr19.H2 chr2.H1 -0.0315368838855071 0.740537450428489 70 145 1
chr20.H2 chr2.H1 -0.0743222850574494 0.406993317160331 67 145 0.977387167998401
chr21.H2 chr2.H1 -0.117097408252711 0.183773697938869 64 145 0.857333090750419
chr22.H2 chr2.H1 0.0238915787011417 0.86770026889611 74 145 1
chrX.H2 chr2.H1 0.0641961125431954 0.505597916748787 77 145 1
chr10tr chr2.H1 0.122203600912347 0.181683705957942 81 145 0.857333090750419
chr3.H1 chr3.H1 1 3.49566549364058e-43 145 145 1.45879995183437e-41
chr4.H1 chr3.H1 0.1045913981853 0.245436515272828 80 145 0.914885970786274
chr5.H1 chr3.H1 -0.0189149260171915 0.868333498378317 71 145 1
chr6.H1 chr3.H1 0.0106250887714508 1 73 145 1
chr7.H1 chr3.H1 0.08981922141695 0.320483824742986 79 145 0.96209727192286
chr8.H1 chr3.H1 0.0769670762602205 0.40691934627316 78 145 0.977387167998401
chr9.H1 chr3.H1 0.103330163621618 0.246475939714994 80 145 0.914885970786274
chr10.H1 chr3.H1 -0.102025964577578 0.245511138266633 65 145 0.914885970786274
chr11.H1 chr3.H1 -0.00647125999238675 1 72 145 1
chr12.H1 chr3.H1 0.103920822230681 0.24612495381039 80 145 0.914885970786274
chr13.H1 chr3.H1 0.0352246788678248 0.74038019088025 75 145 1
chr14.H1 chr3.H1 -0.0769670762602205 0.40691934627316 67 145 0.977387167998401
chr15.H1 chr3.H1 -0.115746713515137 0.183903455884627 64 145 0.857333090750419
chr16.H1 chr3.H1 -0.0461784670529887 0.618176448989883 69 145 1
chr17.H1 chr3.H1 0.0371727079181735 0.738475121322653 75 145 1
chr18.H1 chr3.H1 -0.062226452125726 0.507906390722966 68 145 1
chr19.H1 chr3.H1 -0.08771905915331 0.317970316205395 66 145 0.96209727192286
chr20.H1 chr3.H1 0.258121869184098 0.00260104263596778 91 145 0.0523924302387795
chr21.H1 chr3.H1 0.133921817290241 0.133149562244009 82 145 0.800346327740544
chr22.H1 chr3.H1 0.0769670762602205 0.40691934627316 78 145 0.977387167998401
chrX.H1 chr3.H1 0.0784399215557127 0.404538793607866 78 145 0.977387167998401
chr1.H2 chr3.H1 -0.0476009173889524 0.61963586694427 69 145 1
chr2.H2 chr3.H1 0.145004759999398 0.0974287008781322 83 145 0.75577422728329
chr3.H2 chr3.H1 -0.0927401578989483 0.316262339251324 66 145 0.96209727192286
chr4.H2 chr3.H1 -0.00647125999238675 1 72 145 1
chr5.H2 chr3.H1 -0.0506989736884485 0.617081393657731 69 145 1
chr6.H2 chr3.H1 -0.0757373943303943 0.407947688866977 67 145 0.977387167998401
chr7.H2 chr3.H1 0.116863342215455 0.185274026120708 81 145 0.857333090750419
chr8.H2 chr3.H1 0.116030948482506 0.184674766654612 81 145 0.857333090750419
chr9.H2 chr3.H1 0.0487247811191473 0.619366332103508 76 145 1
chr10.H2 chr3.H1 -0.0476009173889524 0.61963586694427 69 145 1
chr11.H2 chr3.H1 -0.00647125999238675 1 72 145 1
chr12.H2 chr3.H1 0.00647125999238675 1 73 145 1
chr13.H2 chr3.H1 0.0352246788678248 0.74038019088025 75 145 1
chr14.H2 chr3.H1 -0.0358437133979871 0.739928175929904 70 145 1
chr15.H2 chr3.H1 -0.0346336828345019 0.740653368083725 70 145 1
chr16.H2 chr3.H1 0.00761614678223238 1 73 145 1
chr17.H2 chr3.H1 -0.00938898292778609 1 72 145 1
chr18.H2 chr3.H1 0.0892653216596879 0.320670713341542 79 145 0.96209727192286
chr19.H2 chr3.H1 -0.0352246788678248 0.74038019088025 70 145 1
chr20.H2 chr3.H1 -0.0211267605633803 0.868501652187637 71 145 1
chr21.H2 chr3.H1 0.103330163621618 0.246475939714994 80 145 0.914885970786274
chr22.H2 chr3.H1 0.13042651364573 0.136017981852879 82 145 0.800346327740544
chrX.H2 chr3.H1 0.00647125999238675 1 73 145 1
chr10tr chr3.H1 0.0335302114400961 0.740668978209638 75 145 1
chr4.H1 chr4.H1 1 4.00911334280721e-43 145 145 1.45879995183437e-41
chr5.H1 chr4.H1 0.0441768885927263 0.619825388080626 76 145 1
chr6.H1 chr4.H1 0.0686454764192319 0.499738436470841 78 145 1
chr7.H1 chr4.H1 -0.145333428244991 0.0970471669904883 62 145 0.75577422728329
chr8.H1 chr4.H1 0.0045766590389016 1 73 145 1
chr9.H1 chr4.H1 0.0900952969330023 0.319937478351505 79 145 0.96209727192286
chr10.H1 chr4.H1 -0.0112832745756314 1 72 145 1
chr11.H1 chr4.H1 -0.0217184324100622 0.868312977799104 71 145 1
chr12.H1 chr4.H1 -0.187464363960537 0.0306739533727158 59 145 0.393939394236716
chr13.H1 chr4.H1 0.0743281996848327 0.408035805429783 78 145 0.977387167998401
chr14.H1 chr4.H1 -0.0045766590389016 1 72 145 1
chr15.H1 chr4.H1 0.112984533894565 0.185383765529927 81 145 0.857333090750419
chr16.H1 chr4.H1 0.0985823759744372 0.246484007420499 80 145 0.914885970786274
chr17.H1 chr4.H1 0.070772172635345 0.407958759885783 78 145 0.977387167998401
chr18.H1 chr4.H1 -0.0203809656909751 0.868500299310058 71 145 1
chr19.H1 chr4.H1 0.0284349960963809 0.740617120256679 75 145 1
chr20.H1 chr4.H1 0.0441768885927263 0.619825388080626 76 145 1
chr21.H1 chr4.H1 0.0296823775485722 0.740813953363007 75 145 1
chr22.H1 chr4.H1 0.0598779557589626 0.508224718321546 77 145 1
chrX.H1 chr4.H1 -0.0536197787974208 0.616257758317602 69 145 1
chr1.H2 chr4.H1 0.184867573575097 0.0310820975949182 86 145 0.393939394236716
chr2.H2 chr4.H1 -0.0900952969330023 0.319937478351505 66 145 0.96209727192286
chr3.H2 chr4.H1 0.1238992507383 0.180254587210768 81 145 0.857333090750419
chr4.H2 chr4.H1 -0.132215720110379 0.135140707301925 63 145 0.800346327740544
chr5.H2 chr4.H1 0.0536197787974208 0.616257758317602 76 145 1
chr6.H2 chr4.H1 -0.0348571656210136 0.740372385817294 70 145 1
chr7.H2 chr4.H1 -0.0887788552902543 0.320514177320291 66 145 0.96209727192286
chr8.H2 chr4.H1 0.0244508479773501 0.867737180213494 74 145 1
chr9.H2 chr4.H1 0.116403177215333 0.185131219118106 81 145 0.857333090750419
chr10.H2 chr4.H1 0.0466933562122667 0.619690612315429 76 145 1
chr11.H2 chr4.H1 -0.0217184324100622 0.868312977799104 71 145 1
chr12.H2 chr4.H1 -0.00590588951501692 1 72 145 1
chr13.H2 chr4.H1 0.0743281996848327 0.408035805429783 78 145 0.977387167998401
chr14.H2 chr4.H1 0.0375954308010711 0.739396684401491 75 145 1
chr15.H2 chr4.H1 0.145333428244991 0.0970471669904883 83 145 0.75577422728329
chr16.H2 chr4.H1 0.0466933562122667 0.619690612315429 76 145 1
chr17.H2 chr4.H1 -0.0429619692962528 0.619634719616435 69 145 1
chr18.H2 chr4.H1 0.0769670762602205 0.40691934627316 78 145 0.977387167998401
chr19.H2 chr4.H1 0.146750548095695 0.0964746027415356 83 145 0.75577422728329
chr20.H2 chr4.H1 -0.0335302114400961 0.740668978209638 70 145 1
chr21.H2 chr4.H1 -0.103238162658958 0.246120010346945 65 145 0.914885970786274
chr22.H2 chr4.H1 0.00857633073286531 1 73 145 1
chrX.H2 chr4.H1 -0.00590588951501692 1 72 145 1
chr10tr chr4.H1 -0.0045766590389016 1 72 145 1
chr5.H1 chr5.H1 1 6.05101107065401e-43 145 145 1.84474067235074e-41
chr6.H1 chr5.H1 0.0193923034577061 0.866345850312361 75 145 1
chr7.H1 chr5.H1 -0.0490930406540728 0.618043266584621 69 145 1
chr8.H1 chr5.H1 0.0164468070085474 0.868672266920547 74 145 1
chr9.H1 chr5.H1 0.0490930406540728 0.618043266584621 76 145 1
chr10.H1 chr5.H1 -0.00115074798619102 1 73 145 1
chr11.H1 chr5.H1 -0.0918997920633243 0.317846558814149 66 145 0.96209727192286
chr12.H1 chr5.H1 -0.0641961125431954 0.505597916748788 68 145 1
chr13.H1 chr5.H1 0.197822271645454 0.0200657555400956 87 145 0.28822935324602
chr14.H1 chr5.H1 0.0112832745756314 1 73 145 1
chr15.H1 chr5.H1 0.0672172683447549 0.502765100503099 78 145 1
chr16.H1 chr5.H1 0.0242355307613636 0.866847324565882 75 145 1
chr17.H1 chr5.H1 0.0242355307613636 0.866847324565882 75 145 1
chr18.H1 chr5.H1 -0.00630377564818834 1 72 145 1
chr19.H1 chr5.H1 -0.130637234927283 0.132050669404321 64 145 0.800346327740544
chr20.H1 chr5.H1 -0.0845799769850403 0.320835761550999 67 145 0.96209727192286
chr21.H1 chr5.H1 -0.0998656558264929 0.245016882883477 66 145 0.914885970786274
chr22.H1 chr5.H1 -0.0390133561598102 0.738712531060672 70 145 1
chrX.H1 chr5.H1 0.0115229602876723 1 74 145 1
chr1.H2 chr5.H1 0.170108040352129 0.0464493956383858 85 145 0.510781949094062
chr2.H2 chr5.H1 -0.0767914488052034 0.405826616828919 67 145 0.977387167998401
chr3.H2 chr5.H1 -0.0800157206089465 0.401659379114492 66 145 0.977387167998401
chr4.H2 chr5.H1 0.0743222850574494 0.406993317160331 78 145 0.977387167998401
chr5.H2 chr5.H1 0.0998656558264929 0.245016882883477 79 145 0.914885970786274
chr6.H2 chr5.H1 -0.0490930406540728 0.618043266584621 69 145 1
chr7.H2 chr5.H1 -0.157433323617836 0.067691603632542 61 145 0.65302896630455
chr8.H2 chr5.H1 0.0693487048148552 0.503666702128009 77 145 1
chr9.H2 chr5.H1 -0.0641961125431954 0.505597916748788 68 145 1
chr10.H2 chr5.H1 -0.0238915787011417 0.86770026889611 71 145 1
chr11.H2 chr5.H1 0.0466186055373204 0.618913686437135 76 145 1
chr12.H2 chr5.H1 0.00878875350293746 1 73 145 1
chr13.H2 chr5.H1 0.197822271645454 0.0200657555400956 87 145 0.28822935324602
chr14.H2 chr5.H1 -0.0568422312294609 0.508841662203144 68 145 1
chr15.H2 chr5.H1 -0.0893990001015801 0.3190241121719 66 145 0.96209727192286
chr16.H2 chr5.H1 -0.107034272581115 0.243210310579147 65 145 0.914885970786274
chr17.H2 chr5.H1 -0.163686005380321 0.0645927720686522 60 145 0.65302896630455
chr18.H2 chr5.H1 -0.102025964577578 0.245511138266633 65 145 0.914885970786274
chr19.H2 chr5.H1 0.107034272581115 0.243210310579147 80 145 0.914885970786274
chr20.H2 chr5.H1 -0.0189149260171915 0.868333498378317 71 145 1
chr21.H2 chr5.H1 0.0767914488052034 0.405826616828919 78 145 0.977387167998401
chr22.H2 chr5.H1 -0.11467957776548 0.184896915586245 64 145 0.857333090750419
chrX.H2 chr5.H1 -0.102025964577578 0.245511138266633 65 145 0.914885970786274
chr10tr chr5.H1 -0.127367133345263 0.136229162168603 63 145 0.800346327740544
chr6.H1 chr6.H1 1 2.91268668022214e-42 145 145 6.99044803253314e-41
chr7.H1 chr6.H1 0.005794400216171 1 73 145 1
chr8.H1 chr6.H1 0.0406071832339118 0.735833068745044 76 145 1
chr9.H1 chr6.H1 0.0222118674953222 0.866505505370908 74 145 1
chr10.H1 chr6.H1 -0.00872653655596774 1 73 145 1
chr11.H1 chr6.H1 -0.0106250887714508 1 72 145 1
chr12.H1 chr6.H1 -0.0386366864416394 0.736257027901051 70 145 1
chr13.H1 chr6.H1 0.000966285059420747 1 73 145 1
chr14.H1 chr6.H1 0.0154694031367283 0.86756323507585 73 145 1
chr15.H1 chr6.H1 -0.0534005750699174 0.61149152468059 70 145 1
chr16.H1 chr6.H1 -0.0700140042014005 0.497231009852366 69 145 1
chr17.H1 chr6.H1 0.127386590977548 0.131210560411831 83 145 0.800346327740544
chr18.H1 chr6.H1 -0.0338006679276642 0.737317284762109 70 145 1
chr19.H1 chr6.H1 0.0263009526572407 0.865063949396506 76 145 1
chr20.H1 chr6.H1 0.103748823498728 0.23838575399929 81 145 0.914885970786274
chr21.H1 chr6.H1 0.00291275864017732 1 74 145 1
chr22.H1 chr6.H1 0.124722062789872 0.17669708362082 82 145 0.857333090750419
chrX.H1 chr6.H1 0.0592260923502721 0.501586767825147 78 145 1
chr1.H2 chr6.H1 0.0570108185058241 0.50511357516556 77 145 1
chr2.H2 chr6.H1 -0.0782244029183085 0.400424745072231 67 145 0.977387167998401
chr3.H2 chr6.H1 0.126414174252529 0.174145559709145 80 145 0.857333090750419
chr4.H2 chr6.H1 -0.0386366864416394 0.736257027901051 70 145 1
chr5.H2 chr6.H1 0.0534005750699174 0.61149152468059 75 145 1
chr6.H2 chr6.H1 -0.0782244029183085 0.400424745072231 67 145 0.977387167998401
chr7.H2 chr6.H1 -0.0453981065689263 0.615928068948585 69 145 1
chr8.H2 chr6.H1 0.0203385275618353 0.866406272622346 73 145 1
chr9.H2 chr6.H1 0.185456094919869 0.0292676851402606 86 145 0.393939394236716
chr10.H2 chr6.H1 -0.0270559816637809 0.866118161260888 71 145 1
chr11.H2 chr6.H1 -0.0386366864416394 0.736257027901051 70 145 1
chr12.H2 chr6.H1 0.0106250887714508 1 73 145 1
chr13.H2 chr6.H1 0.000966285059420747 1 73 145 1
chr14.H2 chr6.H1 -0.0803088098259718 0.39885775429457 66 145 0.977387167998401
chr15.H2 chr6.H1 -0.117819471062144 0.179247571223474 64 145 0.857333090750419
chr16.H2 chr6.H1 0.000966285059420747 1 73 145 1
chr17.H2 chr6.H1 0.0418139191758364 0.734349261475325 74 145 1
chr18.H2 chr6.H1 -0.0734097042391149 0.402995991533355 67 145 0.977387167998401
chr19.H2 chr6.H1 0.0550782483869826 0.612962834149845 76 145 1
chr20.H2 chr6.H1 -0.129432899579492 0.131865558730789 63 145 0.800346327740544
chr21.H2 chr6.H1 -0.005794400216171 1 72 145 1
chr22.H2 chr6.H1 0.0270559816637809 0.866118161260888 74 145 1
chrX.H2 chr6.H1 -0.101421301909303 0.241483572522908 65 145 0.914885970786274
chr10tr chr6.H1 -0.124722062789872 0.17669708362082 63 145 0.857333090750419
chr7.H1 chr7.H1 1 3.40118804786652e-43 145 145 1.45879995183437e-41
chr8.H1 chr7.H1 -0.117714362588997 0.184605453676478 64 145 0.857333090750419
chr9.H1 chr7.H1 0.020738203957382 0.868597706495754 74 145 1
chr10.H1 chr7.H1 -0.132188265107465 0.134224699508858 63 145 0.800346327740544
chr11.H1 chr7.H1 0.0481446250391703 0.619624939856131 76 145 1
chr12.H1 chr7.H1 -0.00704091354327786 1 72 145 1
chr13.H1 chr7.H1 -0.020940418415892 0.868500299310058 71 145 1
chr14.H1 chr7.H1 -0.0203809656909751 0.868500299310058 71 145 1
chr15.H1 chr7.H1 -0.0908582273676342 0.317739508508899 66 145 0.96209727192286
chr16.H1 chr7.H1 -0.132761777963297 0.133033778230871 63 145 0.800346327740544
chr17.H1 chr7.H1 0.145022605942591 0.0955197579743034 83 145 0.75577422728329
chr18.H1 chr7.H1 -0.0344368340943683 0.740746826329461 70 145 1
chr19.H1 chr7.H1 -0.0356950557852889 0.738379604566379 70 145 1
chr20.H1 chr7.H1 0.00630377564818834 1 73 145 1
chr21.H1 chr7.H1 0.0200844502602139 0.868009993460328 74 145 1
chr22.H1 chr7.H1 -0.0348571656210136 0.740372385817294 70 145 1
chrX.H1 chr7.H1 -0.00765121914674814 1 72 145 1
chr1.H2 chr7.H1 -0.158956812520635 0.0680505915295437 61 145 0.65302896630455
chr2.H2 chr7.H1 -0.0759132420091324 0.407947688866977 67 145 0.977387167998401
chr3.H2 chr7.H1 0.0216480244009416 0.867613775804674 74 145 1
chr4.H2 chr7.H1 -0.0346336828345019 0.740653368083725 70 145 1
chr5.H2 chr7.H1 0.00765121914674814 1 73 145 1
chr6.H2 chr7.H1 -0.103500761035008 0.246475939714994 65 145 0.914885970786274
chr7.H2 chr7.H1 0.08981922141695 0.320483824742986 79 145 0.96209727192286
chr8.H2 chr7.H1 -0.0202252307084399 0.868304833385584 71 145 1
chr9.H2 chr7.H1 0.130922932912842 0.136005633282967 82 145 0.800346327740544
chr10.H2 chr7.H1 0.117075975688851 0.185103547252757 81 145 0.857333090750419
chr11.H2 chr7.H1 -0.062226452125726 0.507906390722966 68 145 1
chr12.H2 chr7.H1 0.062226452125726 0.507906390722966 77 145 1
chr13.H2 chr7.H1 -0.020940418415892 0.868500299310058 71 145 1
chr14.H2 chr7.H1 -0.0341212972193694 0.740372385817294 70 145 1
chr15.H2 chr7.H1 0.131088280060883 0.136005633282967 82 145 0.800346327740544
chr16.H2 chr7.H1 0.0894726968679023 0.320483824742986 79 145 0.96209727192286
chr17.H2 chr7.H1 -0.0894657291614134 0.317739508508899 66 145 0.96209727192286
chr18.H2 chr7.H1 0.062226452125726 0.507906390722966 77 145 1
chr19.H2 chr7.H1 0.0485436972368406 0.619362689740794 76 145 1
chr20.H2 chr7.H1 -0.0205518557479462 0.868597706495754 71 145 1
chr21.H2 chr7.H1 -0.00684931506849315 1 72 145 1
chr22.H2 chr7.H1 0.020940418415892 0.868500299310058 74 145 1
chrX.H2 chr7.H1 -0.0757373943303943 0.407947688866977 67 145 0.977387167998401
chr10tr chr7.H1 -0.0480000313469695 0.619362689740795 69 145 1
chr8.H1 chr8.H1 1 4.00911334280721e-43 145 145 1.45879995183437e-41
chr9.H1 chr8.H1 0.00723809996501921 1 73 145 1
chr10.H1 chr8.H1 0.0441768885927263 0.619825388080626 76 145 1
chr11.H1 chr8.H1 -0.132215720110379 0.135140707301925 63 145 0.800346327740544
chr12.H1 chr8.H1 0.0335302114400961 0.740668978209638 75 145 1
chr13.H1 chr8.H1 0.101963043157399 0.246565013403393 80 145 0.914885970786274
chr14.H1 chr8.H1 -0.142829900839054 0.0976830449543265 62 145 0.75577422728329
chr15.H1 chr8.H1 0.14075191934323 0.0976412754809803 83 145 0.75577422728329
chr16.H1 chr8.H1 -0.1238992507383 0.180254587210768 64 145 0.857333090750419
chr17.H1 chr8.H1 0.0151517659571606 0.868601622631639 74 145 1
chr18.H1 chr8.H1 -0.130857228314953 0.135709267605081 63 145 0.800346327740544
chr19.H1 chr8.H1 0.0841522181771274 0.320407177421003 79 145 0.96209727192286
chr20.H1 chr8.H1 0.0164468070085474 0.868672266920547 74 145 1
chr21.H1 chr8.H1 -0.0536197787974208 0.616257758317602 69 145 1
chr22.H1 chr8.H1 0.0875286041189931 0.320847947494374 79 145 0.96209727192286
chrX.H1 chr8.H1 -0.0536197787974208 0.616257758317602 69 145 1
chr1.H2 chr8.H1 0.0190585127397007 0.868622102264364 74 145 1
chr2.H2 chr8.H1 0.0756190970029638 0.407595721606921 78 145 0.977387167998401
chr3.H2 chr8.H1 0.0126584373819316 1 73 145 1
chr4.H2 chr8.H1 0.0887788552902543 0.320514177320291 79 145 0.96209727192286
chr5.H2 chr8.H1 -0.0574497629972366 0.508178537426651 68 145 1
chr6.H2 chr8.H1 -0.0624762312770079 0.507428720870032 68 145 1
chr7.H2 chr8.H1 0.0217184324100622 0.868312977799104 74 145 1
chr8.H2 chr8.H1 0.052149074201692 0.617309730628358 76 145 1
chr9.H2 chr8.H1 -0.0217184324100622 0.868312977799104 71 145 1
chr10.H2 chr8.H1 0.0466933562122667 0.619690612315429 76 145 1
chr11.H2 chr8.H1 -0.0217184324100622 0.868312977799104 71 145 1
chr12.H2 chr8.H1 0.0217184324100622 0.868312977799104 74 145 1
chr13.H2 chr8.H1 0.101963043157399 0.246565013403393 80 145 0.914885970786274
chr14.H2 chr8.H1 -0.0454198605617001 0.619844341268146 69 145 1
chr15.H2 chr8.H1 -0.103238162658958 0.246120010346945 65 145 0.914885970786274
chr16.H2 chr8.H1 0.157232730102531 0.0683133138510079 84 145 0.65302896630455
chr17.H2 chr8.H1 0.0126584373819316 1 73 145 1
chr18.H2 chr8.H1 -0.0611545333651752 0.507932927937018 68 145 1
chr19.H2 chr8.H1 0.0362111742054313 0.739949043599756 75 145 1
chr20.H2 chr8.H1 0.1045913981853 0.245436515272828 80 145 0.914885970786274
chr21.H2 chr8.H1 0.0348571656210136 0.740372385817294 75 145 1
chr22.H2 chr8.H1 -0.0190585127397007 0.868622102264364 71 145 1
chrX.H2 chr8.H1 0.0217184324100622 0.868312977799104 74 145 1
chr10tr chr8.H1 0.0507246376811594 0.618175284067216 76 145 1
chr9.H1 chr9.H1 1 3.40118804786652e-43 145 145 1.45879995183437e-41
chr10.H1 chr9.H1 -0.144795816403841 0.0964109901806912 62 145 0.75577422728329
chr11.H1 chr9.H1 -0.241294010077739 0.00472224080934793 55 145 0.0903087603563617
chr12.H1 chr9.H1 -0.0757373943303943 0.407947688866977 67 145 0.977387167998401
chr13.H1 chr9.H1 0.020940418415892 0.868500299310058 74 145 1
chr14.H1 chr9.H1 -0.0348571656210136 0.740372385817294 70 145 1
chr15.H1 chr9.H1 -0.0755557890741379 0.405826616828919 67 145 0.977387167998401
chr16.H1 chr9.H1 0.077204901182119 0.404400104953291 78 145 0.977387167998401
chr17.H1 chr9.H1 0.077204901182119 0.404400104953291 78 145 0.977387167998401
chr18.H1 chr9.H1 -0.020738203957382 0.868597706495754 71 145 1
chr19.H1 chr9.H1 -0.0199585258154304 0.867613775804674 71 145 1
chr20.H1 chr9.H1 0.0767914488052034 0.405826616828919 78 145 0.977387167998401
chr21.H1 chr9.H1 -0.0200844502602139 0.868009993460328 71 145 1
chr22.H1 chr9.H1 0.0348571656210136 0.740372385817294 75 145 1
chrX.H1 chr9.H1 0.0353868885537102 0.739239255372843 75 145 1
chr1.H2 chr9.H1 0.0761469760577892 0.40759572160692 78 145 0.977387167998401
chr2.H2 chr9.H1 0.0759132420091324 0.407947688866977 78 145 0.977387167998401
chr3.H2 chr9.H1 -0.0494264627915303 0.616977807342527 69 145 1
chr4.H2 chr9.H1 0.0346336828345019 0.740653368083725 75 145 1
chr5.H2 chr9.H1 -0.0908582273676342 0.317739508508899 66 145 0.96209727192286
chr6.H2 chr9.H1 0.0759132420091324 0.407947688866977 78 145 0.977387167998401
chr7.H2 chr9.H1 0.0481446250391703 0.619624939856131 76 145 1
chr8.H2 chr9.H1 0.103224998238358 0.245406798095693 80 145 0.914885970786274
chr9.H2 chr9.H1 -0.0757373943303943 0.407947688866977 67 145 0.977387167998401
chr10.H2 chr9.H1 0.0485436972368406 0.619362689740794 76 145 1
chr11.H2 chr9.H1 0.00704091354327786 1 73 145 1
chr12.H2 chr9.H1 -0.117411990708174 0.185103547252757 64 145 0.857333090750419
chr13.H2 chr9.H1 0.020940418415892 0.868500299310058 74 145 1
chr14.H2 chr9.H1 0.0617614541847803 0.507428720870033 77 145 1
chr15.H2 chr9.H1 0.0620243531202435 0.508065307578063 77 145 1
chr16.H2 chr9.H1 -0.00666286040505656 1 72 145 1
chr17.H2 chr9.H1 0.117244167552002 0.182605876427051 81 145 0.857333090750419
chr18.H2 chr9.H1 -0.00704091354327786 1 72 145 1
chr19.H2 chr9.H1 -0.131353533699686 0.135709267605081 63 145 0.800346327740544
chr20.H2 chr9.H1 0.0757373943303943 0.407947688866977 78 145 0.977387167998401
chr21.H2 chr9.H1 0.144786910197869 0.0975558496335864 83 145 0.75577422728329
chr22.H2 chr9.H1 0.0894726968679023 0.320483824742986 79 145 0.96209727192286
chrX.H2 chr9.H1 0.0205518557479462 0.868597706495754 74 145 1
chr10tr chr9.H1 -0.0348571656210136 0.740372385817294 70 145 1
chr10.H1 chr10.H1 1 6.05101107065401e-43 145 145 1.84474067235074e-41
chr11.H1 chr10.H1 0.0743222850574494 0.406993317160331 78 145 0.977387167998401
chr12.H1 chr10.H1 -0.0364924330230664 0.739294487919816 70 145 1
chr13.H1 chr10.H1 0.00382265259218268 1 73 145 1
chr14.H1 chr10.H1 0.0112832745756314 1 73 145 1
chr15.H1 chr10.H1 0.0672172683447549 0.502765100503099 78 145 1
chr16.H1 chr10.H1 -0.0315446590862193 0.739119387760562 71 145 1
chr17.H1 chr10.H1 -0.115214943857594 0.182323397675009 65 145 0.857333090750419
chr18.H1 chr10.H1 0.215283489560856 0.0123465412922126 88 145 0.208583479889023
chr19.H1 chr10.H1 -0.0468213098633184 0.616153755305881 70 145 1
chr20.H1 chr10.H1 -0.0289604909858074 0.740862601329111 71 145 1
chr21.H1 chr10.H1 0.0115229602876723 1 74 145 1
chr22.H1 chr10.H1 -0.0112832745756314 1 72 145 1
chrX.H1 chr10.H1 0.0950644223732962 0.314627462868057 80 145 0.96209727192286
chr1.H2 chr10.H1 -0.0793200412877905 0.404711647379167 67 145 0.977387167998401
chr2.H2 chr10.H1 -0.0213946325029422 0.868009993460328 71 145 1
chr3.H2 chr10.H1 0.0594347540100108 0.505286785812757 76 145 1
chr4.H2 chr10.H1 -0.0364924330230664 0.739294487919816 70 145 1
chr5.H2 chr10.H1 0.155559963883576 0.0673395167216268 83 145 0.65302896630455
chr6.H2 chr10.H1 -0.0213946325029422 0.868009993460328 71 145 1
chr7.H2 chr10.H1 -0.0743222850574494 0.406993317160331 67 145 0.977387167998401
chr8.H2 chr10.H1 -0.0417624796951338 0.620783512803136 69 145 1
chr9.H2 chr10.H1 -0.119603471583453 0.182703194886369 64 145 0.857333090750419
chr10.H2 chr10.H1 -0.550461973274306 2.31805020559773e-11 33 145 5.22952126382847e-10
chr11.H2 chr10.H1 -0.0641961125431954 0.505597916748788 68 145 1
chr12.H2 chr10.H1 0.0641961125431954 0.505597916748787 77 145 1
chr13.H2 chr10.H1 0.00382265259218268 1 73 145 1
chr14.H2 chr10.H1 -0.0845934889004098 0.32155201375436 66 145 0.96209727192286
chr15.H2 chr10.H1 -0.00630377564818834 1 72 145 1
chr16.H2 chr10.H1 0.142393809058805 0.097269889262644 83 145 0.75577422728329
chr17.H2 chr10.H1 -0.0800157206089465 0.401659379114492 66 145 0.977387167998401
chr18.H2 chr10.H1 -0.102025964577578 0.245511138266633 65 145 0.914885970786274
chr19.H2 chr10.H1 -0.00382265259218268 1 72 145 1
chr20.H2 chr10.H1 0.0364924330230664 0.739294487919816 75 145 1
chr21.H2 chr10.H1 -0.117097408252711 0.183773697938869 64 145 0.857333090750419
chr22.H2 chr10.H1 -0.0315368838855071 0.740537450428489 70 145 1
chrX.H2 chr10.H1 -0.0466186055373204 0.618913686437135 69 145 1
chr10tr chr10.H1 0.0112832745756314 1 73 145 1
chr11.H1 chr11.H1 1 3.49566549364057e-43 145 145 1.45879995183437e-41
chr12.H1 chr11.H1 -0.103920822230681 0.24612495381039 65 145 0.914885970786274
chr13.H1 chr11.H1 -0.0628332109534172 0.507441989477058 68 145 1
chr14.H1 chr11.H1 -0.00590588951501692 1 72 145 1
chr15.H1 chr11.H1 0.0325238699133443 0.739975689332493 75 145 1
chr16.H1 chr11.H1 -0.0649564329085609 0.504207928636042 68 145 1
chr17.H1 chr11.H1 0.0183947420626013 0.868059520667284 74 145 1
chr18.H1 chr11.H1 -0.0205518557479462 0.868597706495754 71 145 1
chr19.H1 chr11.H1 -0.107105547062466 0.241315185912812 65 145 0.914885970786274
chr20.H1 chr11.H1 -0.230418189663969 0.00750392811273162 56 145 0.135107773320005
chr21.H1 chr11.H1 0.115746713515137 0.183903455884627 81 145 0.857333090750419
chr22.H1 chr11.H1 0.00590588951501692 1 73 145 1
chrX.H1 chr11.H1 -0.0229580258211842 0.86765229696564 71 145 1
chr1.H2 chr11.H1 -0.0352246788678248 0.74038019088025 70 145 1
chr2.H2 chr11.H1 -0.00704091354327786 1 72 145 1
chr3.H2 chr11.H1 0.00938898292778609 1 73 145 1
chr4.H2 chr11.H1 0.0340692805481538 0.740749422391843 75 145 1
chr5.H2 chr11.H1 0.0784399215557127 0.404538793607866 78 145 0.977387167998401
chr6.H2 chr11.H1 -0.117411990708174 0.185103547252757 64 145 0.857333090750419
chr7.H2 chr11.H1 -0.0616673011039208 0.508069721935149 68 145 1
chr8.H2 chr11.H1 -0.143702802972577 0.097100181724638 62 145 0.75577422728329
chr9.H2 chr11.H1 0.116863342215455 0.185274026120708 81 145 0.857333090750419
chr10.H2 chr11.H1 -0.118050275124602 0.184619289609152 64 145 0.857333090750419
chr11.H2 chr11.H1 -0.159116863342215 0.0680535107635349 61 145 0.65302896630455
chr12.H2 chr11.H1 -0.0340692805481538 0.740749422391843 70 145 1
chr13.H2 chr11.H1 -0.0628332109534172 0.507441989477058 68 145 1
chr14.H2 chr11.H1 -0.074737955595803 0.407644734312265 67 145 0.977387167998401
chr15.H2 chr11.H1 0.0346336828345019 0.740653368083725 75 145 1
chr16.H2 chr11.H1 0.01999238530336 0.868601765128492 74 145 1
chr17.H2 chr11.H1 0.0649564329085609 0.504207928636042 77 145 1
chr18.H2 chr11.H1 -0.144461362771222 0.0975593815434603 62 145 0.75577422728329
chr19.H2 chr11.H1 0.173267339295787 0.0463101392122677 85 145 0.510781949094062
chr20.H2 chr11.H1 -0.0616673011039208 0.508069721935149 68 145 1
chr21.H2 chr11.H1 0.062226452125726 0.507906390722966 77 145 1
chr22.H2 chr11.H1 -0.01999238530336 0.868601765128492 71 145 1
chrX.H2 chr11.H1 -0.172059383326989 0.0466405503162132 60 145 0.510781949094062
chr10tr chr11.H1 -0.171651821065492 0.0465683725142706 60 145 0.510781949094062
chr12.H1 chr12.H1 1 3.49566549364057e-43 145 145 1.45879995183437e-41
chr13.H1 chr12.H1 -0.00761614678223238 1 72 145 1
chr14.H1 chr12.H1 0.0217184324100622 0.868312977799104 74 145 1
chr15.H1 chr12.H1 -0.0229580258211842 0.86765229696564 71 145 1
chr16.H1 chr12.H1 0.0183947420626013 0.868059520667284 74 145 1
chr17.H1 chr12.H1 -0.176091332870111 0.0446350095767254 60 145 0.510781949094062
chr18.H1 chr12.H1 0.062226452125726 0.507906390722966 77 145 1
chr19.H1 chr12.H1 0.0320548859488025 0.739358651318185 75 145 1
chr20.H1 chr12.H1 -0.00878875350293746 1 72 145 1
chr21.H1 chr12.H1 0.0602648177806085 0.506754568943373 77 145 1
chr22.H1 chr12.H1 -0.0217184324100622 0.868312977799104 71 145 1
chrX.H1 chr12.H1 0.0325238699133443 0.739975689332493 75 145 1
chr1.H2 chr12.H1 -0.00761614678223238 1 72 145 1
chr2.H2 chr12.H1 0.0205518557479462 0.868597706495754 74 145 1
chr3.H2 chr12.H1 0.0371727079181735 0.738475121322653 75 145 1
chr4.H2 chr12.H1 -0.103920822230681 0.24612495381039 65 145 0.914885970786274
chr5.H2 chr12.H1 -0.0325238699133443 0.739975689332493 70 145 1
chr6.H2 chr12.H1 -0.0346336828345019 0.740653368083725 70 145 1
chr7.H2 chr12.H1 0.103920822230681 0.24612495381039 80 145 0.914885970786274
chr8.H2 chr12.H1 -0.0606872395023631 0.507495320487296 68 145 1
chr9.H2 chr12.H1 0.00647125999238675 1 73 145 1
chr10.H2 chr12.H1 0.01999238530336 0.868601765128492 74 145 1
chr11.H2 chr12.H1 0.0340692805481538 0.740749422391843 75 145 1
chr12.H2 chr12.H1 0.0487247811191473 0.619366332103508 76 145 1
chr13.H2 chr12.H1 -0.00761614678223238 1 72 145 1
chr14.H2 chr12.H1 0.11877996514333 0.183819906590958 81 145 0.857333090750419
chr15.H2 chr12.H1 -0.0757373943303943 0.407947688866977 67 145 0.977387167998401
chr16.H2 chr12.H1 0.0752094494745448 0.407962354169479 78 145 0.977387167998401
chr17.H2 chr12.H1 0.0649564329085609 0.504207928636042 77 145 1
chr18.H2 chr12.H1 0.0487247811191473 0.619366332103508 76 145 1
chr19.H2 chr12.H1 0.0352246788678248 0.74038019088025 75 145 1
chr20.H2 chr12.H1 0.0487247811191473 0.619366332103508 76 145 1
chr21.H2 chr12.H1 -0.130922932912842 0.136005633282967 63 145 0.800346327740544
chr22.H2 chr12.H1 0.0628332109534172 0.507441989477059 77 145 1
chrX.H2 chr12.H1 0.0763228016749144 0.407600610041088 78 145 0.977387167998401
chr10tr chr12.H1 0.1045913981853 0.245436515272829 80 145 0.914885970786274
chr13.H1 chr13.H1 1 3.69260439469078e-43 145 145 1.45879995183437e-41
chr14.H1 chr13.H1 -0.129597886629965 0.136079761750833 63 145 0.800346327740544
chr15.H1 chr13.H1 0.211485674399451 0.0126317279064539 88 145 0.208583479889023
chr16.H1 chr13.H1 -0.13609626309252 0.131988531493778 63 145 0.800346327740544
chr17.H1 chr13.H1 -0.13609626309252 0.131988531493778 63 145 0.800346327740544
chr18.H1 chr13.H1 0.0761469760577892 0.407595721606921 78 145 0.977387167998401
chr19.H1 chr13.H1 0.127692324436373 0.13478349224553 82 145 0.800346327740544
chr20.H1 chr13.H1 0.00382265259218268 1 73 145 1
chr21.H1 chr13.H1 -0.0660294639527697 0.504423137676098 68 145 1
chr22.H1 chr13.H1 0.0190585127397007 0.868622102264364 74 145 1
chrX.H1 chr13.H1 -0.0105264362823256 1 72 145 1
chr1.H2 chr13.H1 0.00571428571428571 1 73 145 1
chr2.H2 chr13.H1 0.117075975688851 0.185103547252757 81 145 0.857333090750419
chr3.H2 chr13.H1 0.163890570343809 0.0654274165866718 84 145 0.65302896630455
chr4.H2 chr13.H1 -0.0904417430390096 0.319952654640157 66 145 0.96209727192286
chr5.H2 chr13.H1 -0.0727281052233405 0.407304453948672 67 145 0.977387167998401
chr6.H2 chr13.H1 -0.020940418415892 0.868500299310058 71 145 1
chr7.H2 chr13.H1 -0.13042651364573 0.136017981852879 63 145 0.800346327740544
chr8.H2 chr13.H1 0.0925928355775914 0.317968645202074 79 145 0.96209727192286
chr9.H2 chr13.H1 -0.00761614678223238 1 72 145 1
chr10.H2 chr13.H1 -0.104761904761905 0.245451363932441 65 145 0.914885970786274
chr11.H2 chr13.H1 0.0752094494745448 0.407962354169479 78 145 0.977387167998401
chr12.H2 chr13.H1 -0.01999238530336 0.868601765128492 71 145 1
chr13.H2 chr13.H1 1 3.69260439469078e-43 145 145 1.45879995183437e-41
chr14.H2 chr13.H1 -0.0877361071871051 0.320635810214617 66 145 0.96209727192286
chr15.H2 chr13.H1 -0.0618694180469537 0.507906390722966 68 145 1
chr16.H2 chr13.H1 0.00571428571428571 1 73 145 1
chr17.H2 chr13.H1 -0.0306695804152157 0.740187036939513 70 145 1
chr18.H2 chr13.H1 -0.01999238530336 0.868601765128492 71 145 1
chr19.H2 chr13.H1 0.132380952380952 0.135153063281516 82 145 0.800346327740544
chr20.H2 chr13.H1 -0.01999238530336 0.868601765128492 71 145 1
chr21.H2 chr13.H1 0.0761469760577892 0.407595721606921 78 145 0.977387167998401
chr22.H2 chr13.H1 -0.0333333333333333 0.740770224167144 70 145 1
chrX.H2 chr13.H1 -0.0752094494745448 0.407962354169479 67 145 0.977387167998401
chr10tr chr13.H1 -0.0743281996848327 0.408035805429783 67 145 0.977387167998401
chr14.H1 chr14.H1 1 4.00911334280721e-43 145 145 1.45879995183437e-41
chr15.H1 chr14.H1 -0.14075191934323 0.0976412754809803 62 145 0.75577422728329
chr16.H1 chr14.H1 -0.070772172635345 0.407958759885783 67 145 0.977387167998401
chr17.H1 chr14.H1 0.0682788440601161 0.503222583477844 77 145 1
chr18.H1 chr14.H1 0.0756190970029638 0.407595721606921 78 145 0.977387167998401
chr19.H1 chr14.H1 -0.000576385056007722 1 72 145 1
chr20.H1 chr14.H1 -0.127367133345263 0.136229162168603 63 145 0.800346327740544
chr21.H1 chr14.H1 -0.0852171484459009 0.320793475612399 66 145 0.96209727192286
chr22.H1 chr14.H1 0.0230739893211289 0.868059054131211 74 145 1
chrX.H1 chr14.H1 0.10915454969475 0.241930087947286 80 145 0.914885970786274
chr1.H2 chr14.H1 0.0362111742054313 0.739949043599756 75 145 1
chr2.H2 chr14.H1 -0.0480000313469695 0.619362689740794 69 145 1
chr3.H2 chr14.H1 0.070772172635345 0.407958759885783 78 145 0.977387167998401
chr4.H2 chr14.H1 0.0493427543351414 0.618858482673809 76 145 1
chr5.H2 chr14.H1 0.00191499209990789 1 73 145 1
chr6.H2 chr14.H1 0.117714362588997 0.184605453676478 81 145 0.857333090750419
chr7.H2 chr14.H1 -0.0769670762602205 0.40691934627316 67 145 0.977387167998401
chr8.H2 chr14.H1 0.0586438306956757 0.508306123653838 77 145 1
chr9.H2 chr14.H1 0.1045913981853 0.245436515272828 80 145 0.914885970786274
chr10.H2 chr14.H1 0.0638460176779973 0.506709390073334 77 145 1
chr11.H2 chr14.H1 -0.00590588951501692 1 72 145 1
chr12.H2 chr14.H1 0.0611545333651752 0.507932927937018 77 145 1
chr13.H2 chr14.H1 -0.129597886629965 0.136079761750834 63 145 0.800346327740544
chr14.H2 chr14.H1 0.0177480967741097 0.868679223089466 74 145 1
chr15.H2 chr14.H1 0.103238162658958 0.246120010346945 80 145 0.914885970786274
chr16.H2 chr14.H1 0.0914808611505633 0.319115399035542 79 145 0.96209727192286
chr17.H2 chr14.H1 -0.0960890473992083 0.315142619018381 66 145 0.96209727192286
chr18.H2 chr14.H1 -0.0493427543351414 0.618858482673809 69 145 1
chr19.H2 chr14.H1 0.101963043157399 0.246565013403393 80 145 0.914885970786274
chr20.H2 chr14.H1 0.0335302114400961 0.740668978209638 75 145 1
chr21.H2 chr14.H1 -0.117714362588997 0.184605453676478 64 145 0.857333090750419
chr22.H2 chr14.H1 0.0190585127397007 0.868622102264364 74 145 1
chrX.H2 chr14.H1 -0.1045913981853 0.245436515272828 65 145 0.914885970786274
chr10tr chr14.H1 -0.0507246376811594 0.618175284067216 69 145 1
chr15.H1 chr15.H1 1 7.33455887351996e-43 145 145 2.0178981486172e-41
chr16.H1 chr15.H1 0.00866719056601921 1 74 145 1
chr17.H1 chr15.H1 0.0365948046120811 0.737281253183862 76 145 1
chr18.H1 chr15.H1 0.0631225579606722 0.505504134138416 77 145 1
chr19.H1 chr15.H1 0.0212233439513925 0.866735243189254 75 145 1
chr20.H1 chr15.H1 -0.0998656558264929 0.245016882883477 66 145 0.914885970786274
chr21.H1 chr15.H1 0.330769230769231 0.00010005177534423 97 145 0.0021294038224206
chr22.H1 chr15.H1 0.0852171484459009 0.320793475612399 79 145 0.96209727192286
chrX.H1 chr15.H1 0.0240384615384615 0.866886068745457 75 145 1
chr1.H2 chr15.H1 0.100479619058563 0.245824887496745 80 145 0.914885970786274
chr2.H2 chr15.H1 -0.0908582273676342 0.317739508508899 66 145 0.96209727192286
chr3.H2 chr15.H1 -0.00866719056601921 1 71 145 1
chr4.H2 chr15.H1 0.19896955711693 0.0197802410767243 87 145 0.28822935324602
chr5.H2 chr15.H1 -0.0240384615384615 0.866886068745457 70 145 1
chr6.H2 chr15.H1 -0.00765121914674814 1 72 145 1
chr7.H2 chr15.H1 -0.115746713515137 0.183903455884627 64 145 0.857333090750419
chr8.H2 chr15.H1 -0.138116677307211 0.131486068067389 62 145 0.800346327740544
chr9.H2 chr15.H1 -0.0229580258211842 0.86765229696564 71 145 1
chr10.H2 chr15.H1 -0.0105264362823256 1 72 145 1
chr11.H2 chr15.H1 0.00478292204608004 1 73 145 1
chr12.H2 chr15.H1 0.0229580258211842 0.86765229696564 74 145 1
chr13.H2 chr15.H1 0.211485674399451 0.0126317279064539 88 145 0.208583479889023
chr14.H2 chr15.H1 0.0134151813901936 1 73 145 1
chr15.H2 chr15.H1 -0.131027127888062 0.134224699508858 63 145 0.800346327740544
chr16.H2 chr15.H1 0.0727281052233405 0.407304453948672 78 145 0.977387167998401
chr17.H2 chr15.H1 -0.204160488888452 0.0184864681625928 57 145 0.28822935324602
chr18.H2 chr15.H1 0.0229580258211842 0.86765229696564 74 145 1
chr19.H2 chr15.H1 -0.0449765913881185 0.61914594890213 69 145 1
chr20.H2 chr15.H1 -0.0325238699133443 0.739975689332493 70 145 1
chr21.H2 chr15.H1 -0.0478201196671759 0.618043266584621 69 145 1
chr22.H2 chr15.H1 0.0382779501175476 0.738601929886865 75 145 1
chrX.H2 chr15.H1 -0.115746713515137 0.183903455884627 64 145 0.857333090750419
chr10tr chr15.H1 -0.112984533894565 0.185383765529927 64 145 0.857333090750419
chr16.H1 chr16.H1 1 9.13998875007888e-43 145 145 2.29109051335311e-41
chr17.H1 chr16.H1 0.0210262345679012 0.866785248726519 75 145 1
chr18.H1 chr16.H1 0.0494264627915303 0.616977807342527 76 145 1
chr19.H1 chr16.H1 0.0894687343363525 0.313952899830982 80 145 0.96209727192286
chr20.H1 chr16.H1 0.0800157206089465 0.401659379114492 79 145 0.977387167998401
chr21.H1 chr16.H1 0.00866719056601921 1 74 145 1
chr22.H1 chr16.H1 0.0151517659571606 0.868601622631639 74 145 1
chrX.H1 chr16.H1 -0.0471880375261046 0.616116411945614 70 145 1
chr1.H2 chr16.H1 0.00287527316392648 1 73 145 1
chr2.H2 chr16.H1 -0.0494264627915303 0.616977807342527 69 145 1
chr3.H2 chr16.H1 -0.104938271604938 0.239949121850346 64 145 0.914885970786274
chr4.H2 chr16.H1 -0.0371727079181735 0.738475121322653 70 145 1
chr5.H2 chr16.H1 0.0192604234800427 0.867295650072395 73 145 1
chr6.H2 chr16.H1 -0.0216480244009416 0.867613775804674 71 145 1
chr7.H2 chr16.H1 -0.101745917033764 0.244513249756855 65 145 0.914885970786274
chr8.H2 chr16.H1 -0.0676278318803269 0.502549178548271 67 145 1
chr9.H2 chr16.H1 -0.00938898292778609 1 72 145 1
chr10.H2 chr16.H1 0.0862581949177943 0.319575931357432 79 145 0.96209727192286
chr11.H2 chr16.H1 -0.120523882889336 0.181266089989316 64 145 0.857333090750419
chr12.H2 chr16.H1 -0.0461784670529887 0.618176448989883 69 145 1
chr13.H2 chr16.H1 -0.13609626309252 0.131988531493778 63 145 0.800346327740544
chr14.H2 chr16.H1 0.139541084993806 0.0978218414746102 82 145 0.75577422728329
chr15.H2 chr16.H1 -0.0616872907708246 0.505504134138416 68 145 1
chr16.H2 chr16.H1 -0.13609626309252 0.131988531493778 63 145 0.800346327740544
chr17.H2 chr16.H1 0.146797839506173 0.0929736222114113 82 145 0.75577422728329
chr18.H2 chr16.H1 -0.101745917033764 0.244513249756855 65 145 0.914885970786274
chr19.H2 chr16.H1 0.0527133413386521 0.616035589811099 76 145 1
chr20.H2 chr16.H1 -0.101745917033764 0.244513249756855 65 145 0.914885970786274
chr21.H2 chr16.H1 0.0216480244009416 0.867613775804674 74 145 1
chr22.H2 chr16.H1 -0.0306695804152157 0.740187036939513 70 145 1
chrX.H2 chr16.H1 0.120523882889336 0.181266089989316 81 145 0.857333090750419
chr10tr chr16.H1 0.0682788440601161 0.503222583477844 77 145 1
chr17.H1 chr17.H1 1 9.13998875007888e-43 145 145 2.29109051335311e-41
chr18.H1 chr17.H1 -0.0894657291614134 0.317739508508899 66 145 0.96209727192286
chr19.H1 chr17.H1 -0.0226087298430956 0.866423252119798 72 145 1
chr20.H1 chr17.H1 -0.0873248489338022 0.317465225133141 67 145 0.96209727192286
chr21.H1 chr17.H1 0.0924500327042048 0.31398251689872 80 145 0.96209727192286
chr22.H1 chr17.H1 0.154202782652622 0.0682599495982057 84 145 0.65302896630455
chrX.H1 chr17.H1 -0.0192604234800427 0.867295650072395 72 145 1
chr1.H2 chr17.H1 -0.0527133413386521 0.6160355898111 69 145 1
chr2.H2 chr17.H1 -0.077204901182119 0.404400104953291 67 145 0.977387167998401
chr3.H2 chr17.H1 -0.132908950617284 0.130624161650732 62 145 0.800346327740544
chr4.H2 chr17.H1 -0.0371727079181735 0.738475121322653 70 145 1
chr5.H2 chr17.H1 -0.0365948046120811 0.737281253183862 69 145 1
chr6.H2 chr17.H1 0.00613041398964717 1 73 145 1
chr7.H2 chr17.H1 -0.0461784670529887 0.618176448989883 69 145 1
chr8.H2 chr17.H1 0.0159463353581453 0.86825188865274 73 145 1
chr9.H2 chr17.H1 0.0183947420626013 0.868059520667284 74 145 1
chr10.H2 chr17.H1 0.0862581949177943 0.319575931357432 79 145 0.96209727192286
chr11.H2 chr17.H1 -0.0649564329085609 0.504207928636042 68 145 1
chr12.H2 chr17.H1 0.00938898292778609 1 73 145 1
chr13.H2 chr17.H1 -0.13609626309252 0.131988531493778 63 145 0.800346327740544
chr14.H2 chr17.H1 0.0282153225503295 0.741034751488769 74 145 1
chr15.H2 chr17.H1 0.160540216353885 0.0661609595126414 84 145 0.65302896630455
chr16.H2 chr17.H1 0.0306695804152157 0.740187036939513 75 145 1
chr17.H2 chr17.H1 -0.0769675925925926 0.401446120260672 66 145 0.977387167998401
chr18.H2 chr17.H1 0.0371727079181735 0.738475121322653 75 145 1
chr19.H2 chr17.H1 0.108301955841231 0.241630487981943 80 145 0.914885970786274
chr20.H2 chr17.H1 -0.101745917033764 0.244513249756855 65 145 0.914885970786274
chr21.H2 chr17.H1 0.104983339572708 0.242896266125106 80 145 0.914885970786274
chr22.H2 chr17.H1 -0.058463887666505 0.5071132506768 68 145 1
chrX.H2 chr17.H1 0.00938898292778609 1 73 145 1
chr10tr chr17.H1 -0.0151517659571606 0.868601622631639 71 145 1
chr18.H1 chr18.H1 1 3.40118804786652e-43 145 145 1.45879995183437e-41
chr19.H1 chr18.H1 0.0635218465856486 0.504045902948246 77 145 1
chr20.H1 chr18.H1 -0.0617005919504495 0.506629525462878 68 145 1
chr21.H1 chr18.H1 0.00765121914674814 1 73 145 1
chr22.H1 chr18.H1 -0.0203809656909751 0.868500299310058 71 145 1
chrX.H1 chr18.H1 -0.0200844502602139 0.868009993460328 71 145 1
chr1.H2 chr18.H1 0.020940418415892 0.868500299310058 74 145 1
chr2.H2 chr18.H1 -0.00684931506849315 1 72 145 1
chr3.H2 chr18.H1 0.00613041398964717 1 73 145 1
chr4.H2 chr18.H1 -0.0757373943303943 0.407947688866977 67 145 0.977387167998401
chr5.H2 chr18.H1 0.158762797295024 0.067000327369895 84 145 0.65302896630455
chr6.H2 chr18.H1 0.103500761035008 0.246475939714994 80 145 0.914885970786274
chr7.H2 chr18.H1 -0.172597529290622 0.0465544139574056 60 145 0.510781949094062
chr8.H2 chr18.H1 -0.118107715174757 0.183773697938869 64 145 0.857333090750419
chr9.H2 chr18.H1 -0.0205518557479462 0.868597706495754 71 145 1
chr10.H2 chr18.H1 -0.0618694180469537 0.507906390722966 68 145 1
chr11.H2 chr18.H1 -0.0205518557479462 0.868597706495754 71 145 1
chr12.H2 chr18.H1 0.0757373943303943 0.407947688866977 78 145 0.977387167998401
chr13.H2 chr18.H1 0.0761469760577892 0.40759572160692 78 145 0.977387167998401
chr14.H2 chr18.H1 0.00648114025395843 1 73 145 1
chr15.H2 chr18.H1 0.0344368340943683 0.740746826329461 75 145 1
chr16.H2 chr18.H1 0.0761469760577892 0.40759572160692 78 145 0.977387167998401
chr17.H2 chr18.H1 -0.0494264627915303 0.616977807342527 69 145 1
chr18.H2 chr18.H1 -0.0346336828345019 0.740653368083725 70 145 1
chr19.H2 chr18.H1 0.0894726968679023 0.320483824742986 79 145 0.96209727192286
chr20.H2 chr18.H1 -0.0346336828345019 0.740653368083725 70 145 1
chr21.H2 chr18.H1 -0.103500761035008 0.246475939714994 65 145 0.914885970786274
chr22.H2 chr18.H1 0.0894726968679023 0.320483824742986 79 145 0.96209727192286
chrX.H2 chr18.H1 -0.00704091354327786 1 72 145 1
chr10tr chr18.H1 0.0203809656909751 0.868500299310058 74 145 1
chr19.H1 chr19.H1 1 1.17106105860384e-42 145 145 2.87164537848941e-41
chr20.H1 chr19.H1 -0.0468213098633184 0.616153755305881 70 145 1
chr21.H1 chr19.H1 -0.00675288216635216 1 73 145 1
chr22.H1 chr19.H1 0.0284349960963809 0.740617120256679 75 145 1
chrX.H1 chr19.H1 -0.0347291082840968 0.737366532492166 71 145 1
chr1.H2 chr19.H1 -0.150734548394816 0.0934480460864954 62 145 0.75577422728329
chr2.H2 chr19.H1 -0.0913486373860082 0.316077693094128 66 145 0.96209727192286
chr3.H2 chr19.H1 0.0506280958879576 0.613776409138021 75 145 1
chr4.H2 chr19.H1 0.0320548859488025 0.739358651318185 75 145 1
chr5.H2 chr19.H1 0.00675288216635216 1 72 145 1
chr6.H2 chr19.H1 0.04778531661579 0.616977807342527 76 145 1
chr7.H2 chr19.H1 0.0514413738579586 0.61580143333842 76 145 1
chr8.H2 chr19.H1 0.0309858898302267 0.739195560720799 74 145 1
chr9.H2 chr19.H1 0.0320548859488025 0.739358651318185 75 145 1
chr10.H2 chr19.H1 0.0441642625870161 0.618544409161236 76 145 1
chr11.H2 chr19.H1 -0.0514413738579586 0.61580143333842 69 145 1
chr12.H2 chr19.H1 0.0236092872557049 0.867175990671753 74 145 1
chr13.H2 chr19.H1 0.127692324436373 0.134783492245529 82 145 0.800346327740544
chr14.H2 chr19.H1 -0.0405700399572934 0.737255143636544 69 145 1
chr15.H2 chr19.H1 -0.0756121074161497 0.404400104953292 67 145 0.977387167998401
chr16.H2 chr19.H1 0.0163215753038973 0.86819640559617 74 145 1
chr17.H2 chr19.H1 -0.00541063620176646 1 71 145 1
chr18.H2 chr19.H1 0.13493763366472 0.131727668490281 82 145 0.800346327740544
chr19.H2 chr19.H1 -0.0441642625870161 0.618544409161236 69 145 1
chr20.H2 chr19.H1 -0.00422279934654884 1 72 145 1
chr21.H2 chr19.H1 -0.131265689016869 0.133033778230872 63 145 0.800346327740544
chr22.H2 chr19.H1 0.234262610244172 0.00711314780711849 89 145 0.13153492994147
chrX.H2 chr19.H1 0.0792734604602123 0.402827412434432 78 145 0.977387167998401
chr10tr chr19.H1 0.0829994480651119 0.401778360072556 78 145 0.977387167998401
chr20.H1 chr20.H1 1 6.05101107065401e-43 145 145 1.84474067235074e-41
chr21.H1 chr20.H1 0.0115229602876723 1 74 145 1
chr22.H1 chr20.H1 0.0441768885927263 0.619825388080626 76 145 1
chrX.H1 chr20.H1 0.0672172683447549 0.502765100503099 78 145 1
chr1.H2 chr20.H1 -0.0238915787011417 0.86770026889611 71 145 1
chr2.H2 chr20.H1 0.0893990001015801 0.3190241121719 79 145 0.96209727192286
chr3.H2 chr20.H1 0.0594347540100108 0.505286785812757 76 145 1
chr4.H2 chr20.H1 -0.0918997920633243 0.317846558814149 66 145 0.96209727192286
chr5.H2 chr20.H1 0.0720185017979516 0.406538710524414 77 145 0.977387167998401
chr6.H2 chr20.H1 -0.104489856956334 0.244333584908883 65 145 0.914885970786274
chr7.H2 chr20.H1 0.00878875350293746 1 73 145 1
chr8.H2 chr20.H1 0.0415709086873579 0.738154969831444 75 145 1
chr9.H2 chr20.H1 0.0466186055373204 0.618913686437135 76 145 1
chr10.H2 chr20.H1 0.00382265259218268 1 73 145 1
chr11.H2 chr20.H1 -0.0918997920633243 0.317846558814149 66 145 0.96209727192286
chr12.H2 chr20.H1 -0.102025964577578 0.245511138266633 65 145 0.914885970786274
chr13.H2 chr20.H1 0.00382265259218268 1 73 145 1
chr14.H2 chr20.H1 -0.00133971588756305 1 72 145 1
chr15.H2 chr20.H1 -0.0893990001015801 0.3190241121719 66 145 0.96209727192286
chr16.H2 chr20.H1 -0.0516058099944661 0.617210428360505 69 145 1
chr17.H2 chr20.H1 0.0594347540100108 0.505286785812757 76 145 1
chr18.H2 chr20.H1 0.0641961125431954 0.505597916748787 77 145 1
chr19.H2 chr20.H1 -0.170108040352129 0.0464493956383858 60 145 0.510781949094062
chr20.H2 chr20.H1 -0.0743222850574494 0.406993317160331 67 145 0.977387167998401
chr21.H2 chr20.H1 0.0213946325029422 0.868009993460328 74 145 1
chr22.H2 chr20.H1 0.0516058099944661 0.617210428360505 76 145 1
chrX.H2 chr20.H1 0.20271451014384 0.0194381776830867 87 145 0.28822935324602
chr10tr chr20.H1 0.177663764080704 0.0448434561471998 85 145 0.510781949094062
chr21.H1 chr21.H1 1 7.33455887351996e-43 145 145 2.0178981486172e-41
chr22.H1 chr21.H1 0.14075191934323 0.0976412754809803 83 145 0.75577422728329
chrX.H1 chr21.H1 -0.0317307692307692 0.739096694741097 71 145 1
chr1.H2 chr21.H1 -0.0105264362823256 1 72 145 1
chr2.H2 chr21.H1 0.0200844502602139 0.868009993460328 74 145 1
chr3.H2 chr21.H1 -0.148305260796329 0.092966025084352 61 145 0.75577422728329
chr4.H2 chr21.H1 -0.0506989736884485 0.617081393657731 69 145 1
chr5.H2 chr21.H1 -0.0240384615384615 0.866886068745457 70 145 1
chr6.H2 chr21.H1 0.0478201196671759 0.618043266584621 76 145 1
chr7.H2 chr21.H1 0.0229580258211842 0.86765229696564 74 145 1
chr8.H2 chr21.H1 -0.082486348947362 0.402524070756756 66 145 0.977387167998401
chr9.H2 chr21.H1 -0.0229580258211842 0.86765229696564 71 145 1
chr10.H2 chr21.H1 0.0172250775528964 0.868419847853164 74 145 1
chr11.H2 chr21.H1 0.0325238699133443 0.739975689332493 75 145 1
chr12.H2 chr21.H1 0.18940371302477 0.0298162907051777 86 145 0.393939394236716
chr13.H2 chr21.H1 -0.0660294639527697 0.504423137676099 68 145 1
chr14.H2 chr21.H1 0.0134151813901936 1 73 145 1
chr15.H2 chr21.H1 0.0353868885537102 0.739239255372843 75 145 1
chr16.H2 chr21.H1 -0.0105264362823256 1 72 145 1
chr17.H2 chr21.H1 0.0751156515721664 0.403231001136461 77 145 0.977387167998401
chr18.H2 chr21.H1 0.0229580258211842 0.86765229696564 74 145 1
chr19.H2 chr21.H1 -0.0172250775528964 0.868419847853163 71 145 1
chr20.H2 chr21.H1 -0.00478292204608004 1 72 145 1
chr21.H2 chr21.H1 0.0908582273676342 0.317739508508899 79 145 0.96209727192286
chr22.H2 chr21.H1 -0.100479619058563 0.245824887496745 65 145 0.914885970786274
chrX.H2 chr21.H1 -0.00478292204608004 1 72 145 1
chr10tr chr21.H1 -0.0296823775485722 0.740813953363007 70 145 1
chr22.H1 chr22.H1 1 4.00911334280721e-43 145 145 1.45879995183437e-41
chrX.H1 chr22.H1 0.112984533894565 0.185383765529927 81 145 0.857333090750419
chr1.H2 chr22.H1 0.157232730102531 0.0683133138510079 84 145 0.65302896630455
chr2.H2 chr22.H1 0.103238162658958 0.246120010346945 80 145 0.914885970786274
chr3.H2 chr22.H1 0.0404686407210238 0.737893259247959 75 145 1
chr4.H2 chr22.H1 -0.0493427543351414 0.618858482673809 69 145 1
chr5.H2 chr22.H1 0.0258523933487565 0.867345724162169 74 145 1
chr6.H2 chr22.H1 0.186095359626941 0.030920830268578 86 145 0.393939394236716
chr7.H2 chr22.H1 -0.00590588951501692 1 72 145 1
chr8.H2 chr22.H1 -0.0863420569200176 0.320940629073193 66 145 0.96209727192286
chr9.H2 chr22.H1 0.199276142990571 0.020134208972447 87 145 0.28822935324602
chr10.H2 chr22.H1 -0.00857633073286531 1 72 145 1
chr11.H2 chr22.H1 -0.0493427543351414 0.618858482673809 69 145 1
chr12.H2 chr22.H1 0.0493427543351414 0.618858482673809 76 145 1
chr13.H2 chr22.H1 0.0190585127397007 0.868622102264364 74 145 1
chr14.H2 chr22.H1 0.0099236670134807 1 73 145 1
chr15.H2 chr22.H1 -0.130857228314953 0.135709267605081 63 145 0.800346327740544
chr16.H2 chr22.H1 0.0466933562122667 0.619690612315429 76 145 1
chr17.H2 chr22.H1 0.0126584373819316 1 73 145 1
chr18.H2 chr22.H1 -0.0611545333651752 0.507932927937018 68 145 1
chr19.H2 chr22.H1 0.0362111742054313 0.739949043599756 75 145 1
chr20.H2 chr22.H1 -0.0611545333651752 0.507932927937018 68 145 1
chr21.H2 chr22.H1 0.117714362588997 0.184605453676478 81 145 0.857333090750419
chr22.H2 chr22.H1 0.0638460176779973 0.506709390073334 77 145 1
chrX.H2 chr22.H1 -0.0335302114400961 0.740668978209638 70 145 1
chr10tr chr22.H1 -0.0598779557589626 0.508224718321546 68 145 1
chrX.H1 chrX.H1 1 7.33455887351996e-43 145 145 2.0178981486172e-41
chr1.H2 chrX.H1 0.0449765913881185 0.61914594890213 76 145 1
chr2.H2 chrX.H1 -0.00765121914674814 1 72 145 1
chr3.H2 chrX.H1 0.0471880375261046 0.616116411945614 75 145 1
chr4.H2 chrX.H1 0.115746713515137 0.183903455884627 81 145 0.857333090750419
chr5.H2 chrX.H1 0.0596153846153846 0.50524857845958 76 145 1
chr6.H2 chrX.H1 0.1032914584811 0.244333584908883 80 145 0.914885970786274
chr7.H2 chrX.H1 0.0506989736884485 0.617081393657731 76 145 1
chr8.H2 chrX.H1 0.112219800312109 0.185451484169417 80 145 0.857333090750419
chr9.H2 chrX.H1 0.0602648177806085 0.506754568943374 77 145 1
chr10.H2 chrX.H1 -0.0382779501175476 0.738601929886865 70 145 1
chr11.H2 chrX.H1 -0.0784399215557127 0.404538793607866 67 145 0.977387167998401
chr12.H2 chrX.H1 -0.00478292204608004 1 72 145 1
chr13.H2 chrX.H1 -0.0105264362823256 1 72 145 1
chr14.H2 chrX.H1 -0.0699505886774382 0.408977609304295 67 145 0.977387167998401
chr15.H2 chrX.H1 -0.0200844502602139 0.868009993460328 71 145 1
chr16.H2 chrX.H1 -0.0105264362823256 1 72 145 1
chr17.H2 chrX.H1 -0.0924500327042048 0.31398251689872 65 145 0.96209727192286
chr18.H2 chrX.H1 -0.0602648177806085 0.506754568943374 68 145 1
chr19.H2 chrX.H1 0.0105264362823256 1 73 145 1
chr20.H2 chrX.H1 0.0506989736884485 0.617081393657731 76 145 1
chr21.H2 chrX.H1 -0.0478201196671759 0.618043266584621 69 145 1
chr22.H2 chrX.H1 0.0382779501175476 0.738601929886865 75 145 1
chrX.H2 chrX.H1 -0.00478292204608004 1 72 145 1
chr10tr chrX.H1 0.0258523933487565 0.867345724162169 74 145 1
chr1.H2 chr1.H2 1 3.69260439469078e-43 145 145 1.45879995183437e-41
chr2.H2 chr1.H2 0.1446792545098 0.0974287008781323 83 145 0.75577422728329
chr3.H2 chr1.H2 -0.00287527316392648 1 72 145 1
chr4.H2 chr1.H2 0.01999238530336 0.868601765128492 74 145 1
chr5.H2 chr1.H2 0.0382779501175476 0.738601929886865 75 145 1
chr6.H2 chr1.H2 0.00666286040505656 1 73 145 1
chr7.H2 chr1.H2 -0.01999238530336 0.868601765128492 71 145 1
chr8.H2 chr1.H2 -0.0181367409894251 0.868561532968396 71 145 1
chr9.H2 chr1.H2 -0.0628332109534172 0.507441989477059 68 145 1
chr10.H2 chr1.H2 0.199047619047619 0.0201862756262727 87 145 0.28822935324602
chr11.H2 chr1.H2 0.0476009173889524 0.61963586694427 76 145 1
chr12.H2 chr1.H2 -0.13042651364573 0.136017981852879 63 145 0.800346327740544
chr13.H2 chr1.H2 0.00571428571428571 1 73 145 1
chr14.H2 chr1.H2 0.0228876801357665 0.868050894013339 74 145 1
chr15.H2 chr1.H2 -0.0894726968679023 0.320483824742986 66 145 0.96209727192286
chr16.H2 chr1.H2 0.143809523809524 0.0975876416217378 83 145 0.75577422728329
chr17.H2 chr1.H2 0.0805076485899413 0.403140688894327 78 145 0.977387167998401
chr18.H2 chr1.H2 -0.13042651364573 0.136017981852879 63 145 0.800346327740544
chr19.H2 chr1.H2 0.0219047619047619 0.868317045226278 74 145 1
chr20.H2 chr1.H2 -0.158035045731322 0.0682695340788895 61 145 0.65302896630455
chr21.H2 chr1.H2 0.020940418415892 0.868500299310058 74 145 1
chr22.H2 chr1.H2 -0.060952380952381 0.508105087144056 68 145 1
chrX.H2 chr1.H2 0.256092935552564 0.00272092927335804 91 145 0.0538457582517169
chr10tr chr1.H2 0.202020235040827 0.0197671788857587 87 145 0.28822935324602
chr2.H2 chr2.H2 1 3.40118804786652e-43 145 145 1.45879995183437e-41
chr3.H2 chr2.H2 0.0216480244009416 0.867613775804674 74 145 1
chr4.H2 chr2.H2 0.0757373943303943 0.407947688866977 78 145 0.977387167998401
chr5.H2 chr2.H2 -0.186498466701986 0.0302779836150547 59 145 0.393939394236716
chr6.H2 chr2.H2 -0.213850837138508 0.0127590958442754 57 145 0.208583479889023
chr7.H2 chr2.H2 0.00704091354327786 1 73 145 1
chr8.H2 chr2.H2 0.00744135846819958 1 73 145 1
chr9.H2 chr2.H2 -0.062226452125726 0.507906390722966 68 145 1
chr10.H2 chr2.H2 -0.0485436972368406 0.619362689740794 69 145 1
chr11.H2 chr2.H2 0.0205518557479462 0.868597706495754 74 145 1
chr12.H2 chr2.H2 0.00704091354327786 1 73 145 1
chr13.H2 chr2.H2 0.117075975688851 0.185103547252757 81 145 0.857333090750419
chr14.H2 chr2.H2 0.0487991736768635 0.618836560627419 76 145 1
chr15.H2 chr2.H2 -0.00684931506849315 1 72 145 1
chr16.H2 chr2.H2 0.0894726968679023 0.320483824742986 79 145 0.96209727192286
chr17.H2 chr2.H2 -0.0894657291614134 0.317739508508899 66 145 0.96209727192286
chr18.H2 chr2.H2 -0.0481446250391703 0.619624939856131 69 145 1
chr19.H2 chr2.H2 -0.1446792545098 0.0974287008781323 62 145 0.75577422728329
chr20.H2 chr2.H2 -0.186108471495291 0.0310498693720413 59 145 0.393939394236716
chr21.H2 chr2.H2 0.186263318112633 0.0310498693720412 86 145 0.393939394236716
chr22.H2 chr2.H2 -0.1446792545098 0.0974287008781323 62 145 0.75577422728329
chrX.H2 chr2.H2 -0.0481446250391703 0.619624939856131 69 145 1
chr10tr chr2.H2 0.00723809996501921 1 73 145 1
chr3.H2 chr3.H2 1 9.13998875007888e-43 145 145 2.29109051335311e-41
chr4.H2 chr3.H2 -0.0461784670529887 0.618176448989883 69 145 1
chr5.H2 chr3.H2 0.00866719056601921 1 74 145 1
chr6.H2 chr3.H2 -0.00613041398964717 1 72 145 1
chr7.H2 chr3.H2 0.101745917033764 0.244513249756855 80 145 0.914885970786274
chr8.H2 chr3.H2 0.123343943372642 0.179572020223849 82 145 0.857333090750419
chr9.H2 chr3.H2 -0.0183947420626013 0.868059520667284 71 145 1
chr10.H2 chr3.H2 0.0527133413386521 0.6160355898111 76 145 1
chr11.H2 chr3.H2 -0.0739621920433761 0.406004930813373 67 145 0.977387167998401
chr12.H2 chr3.H2 0.0461784670529887 0.618176448989883 76 145 1
chr13.H2 chr3.H2 0.163890570343809 0.0654274165866718 84 145 0.65302896630455
chr14.H2 chr3.H2 0.027447558671409 0.867007304604925 75 145 1
chr15.H2 chr3.H2 -0.132761777963297 0.133033778230871 63 145 0.800346327740544
chr16.H2 chr3.H2 -0.0306695804152157 0.740187036939513 70 145 1
chr17.H2 chr3.H2 -0.0908564814814815 0.314094016447853 67 145 0.96209727192286
chr18.H2 chr3.H2 0.0183947420626013 0.868059520667284 74 145 1
chr19.H2 chr3.H2 0.058463887666505 0.5071132506768 77 145 1
chr20.H2 chr3.H2 -0.120523882889336 0.181266089989316 64 145 0.857333090750419
chr21.H2 chr3.H2 0.00613041398964717 1 73 145 1
chr22.H2 chr3.H2 -0.0249190340873628 0.867263099262862 71 145 1
chrX.H2 chr3.H2 -0.0927401578989483 0.316262339251324 66 145 0.96209727192286
chr10tr chr3.H2 -0.0404686407210238 0.737893259247959 70 145 1
chr4.H2 chr4.H2 1 3.49566549364057e-43 145 145 1.45879995183437e-41
chr5.H2 chr4.H2 -0.0880057656478728 0.319166845912233 66 145 0.96209727192286
chr6.H2 chr4.H2 -0.0346336828345019 0.740653368083725 70 145 1
chr7.H2 chr4.H2 0.0763228016749144 0.407600610041088 78 145 0.977387167998401
chr8.H2 chr4.H2 -0.0330153850122919 0.740411580807358 70 145 1
chr9.H2 chr4.H2 0.0340692805481538 0.740749422391843 75 145 1
chr10.H2 chr4.H2 -0.0628332109534172 0.507441989477058 68 145 1
chr11.H2 chr4.H2 0.116863342215455 0.185274026120708 81 145 0.857333090750419
chr12.H2 chr4.H2 -0.0616673011039208 0.508069721935149 68 145 1
chr13.H2 chr4.H2 -0.0904417430390096 0.319952654640157 66 145 0.96209727192286
chr14.H2 chr4.H2 0.00819829614953961 1 73 145 1
chr15.H2 chr4.H2 -0.0757373943303943 0.407947688866977 67 145 0.977387167998401
chr16.H2 chr4.H2 0.0752094494745448 0.407962354169479 78 145 0.977387167998401
chr17.H2 chr4.H2 -0.0183947420626013 0.868059520667284 71 145 1
chr18.H2 chr4.H2 0.0487247811191473 0.619366332103508 76 145 1
chr19.H2 chr4.H2 0.0352246788678248 0.74038019088025 75 145 1
chr20.H2 chr4.H2 -0.0340692805481538 0.740749422391843 70 145 1
chr21.H2 chr4.H2 0.117411990708174 0.185103547252757 81 145 0.857333090750419
chr22.H2 chr4.H2 0.228484403466972 0.00777750709198917 89 145 0.135107773320005
chrX.H2 chr4.H2 -0.0340692805481538 0.740749422391843 70 145 1
chr10tr chr4.H2 -0.0335302114400961 0.740668978209638 70 145 1
chr5.H2 chr5.H2 1 7.33455887351997e-43 145 145 2.0178981486172e-41
chr6.H2 chr5.H2 -0.0200844502602139 0.868009993460328 71 145 1
chr7.H2 chr5.H2 0.00478292204608004 1 73 145 1
chr8.H2 chr5.H2 0.110301513127286 0.241015550992552 81 145 0.914885970786274
chr9.H2 chr5.H2 -0.0325238699133443 0.739975689332493 70 145 1
chr10.H2 chr5.H2 -0.0449765913881185 0.61914594890213 69 145 1
chr11.H2 chr5.H2 0.0229580258211842 0.86765229696564 74 145 1
chr12.H2 chr5.H2 -0.133921817290241 0.133149562244009 63 145 0.800346327740544
chr13.H2 chr5.H2 -0.0727281052233405 0.407304453948672 67 145 0.977387167998401
chr14.H2 chr5.H2 -0.0967809514578255 0.315470204907889 66 145 0.96209727192286
chr15.H2 chr5.H2 0.0478201196671759 0.618043266584621 76 145 1
chr16.H2 chr5.H2 -0.0172250775528964 0.868419847853164 71 145 1
chr17.H2 chr5.H2 -0.0192604234800427 0.867295650072395 72 145 1
chr18.H2 chr5.H2 0.0602648177806085 0.506754568943374 77 145 1
chr19.H2 chr5.H2 0.128231132893785 0.135462889594246 82 145 0.800346327740544
chr20.H2 chr5.H2 -0.0506989736884485 0.617081393657731 69 145 1
chr21.H2 chr5.H2 -0.0631225579606722 0.505504134138416 68 145 1
chr22.H2 chr5.H2 0.0172250775528964 0.868419847853163 74 145 1
chrX.H2 chr5.H2 0.171228609249666 0.045949892944772 85 145 0.510781949094062
chr10tr chr5.H2 0.14075191934323 0.0976412754809804 83 145 0.75577422728329
chr6.H2 chr6.H2 1 3.40118804786652e-43 145 145 1.45879995183437e-41
chr7.H2 chr6.H2 0.0346336828345019 0.740653368083725 75 145 1
chr8.H2 chr6.H2 0.0351079476448391 0.739902045936528 75 145 1
chr9.H2 chr6.H2 -0.0346336828345019 0.740653368083725 70 145 1
chr10.H2 chr6.H2 0.0618694180469537 0.507906390722966 77 145 1
chr11.H2 chr6.H2 0.103330163621618 0.246475939714994 80 145 0.914885970786274
chr12.H2 chr6.H2 0.00704091354327786 1 73 145 1
chr13.H2 chr6.H2 -0.020940418415892 0.868500299310058 71 145 1
chr14.H2 chr6.H2 0.0487991736768635 0.618836560627419 76 145 1
chr15.H2 chr6.H2 -0.00684931506849315 1 72 145 1
chr16.H2 chr6.H2 -0.0485436972368406 0.619362689740794 69 145 1
chr17.H2 chr6.H2 0.104983339572708 0.242896266125106 80 145 0.914885970786274
chr18.H2 chr6.H2 -0.268886779368963 0.00156961941400439 53 145 0.0327876055369806
chr19.H2 chr6.H2 0.0485436972368406 0.619362689740794 76 145 1
chr20.H2 chr6.H2 0.08981922141695 0.320483824742986 79 145 0.96209727192286
chr21.H2 chr6.H2 -0.00684931506849315 1 72 145 1
chr22.H2 chr6.H2 -0.0618694180469537 0.507906390722966 68 145 1
chrX.H2 chr6.H2 0.00704091354327786 1 73 145 1
chr10tr chr6.H2 -0.0203809656909751 0.868500299310058 71 145 1
chr7.H2 chr7.H2 1 3.49566549364058e-43 145 145 1.45879995183437e-41
chr8.H2 chr7.H2 0.22671836644279 0.0077854656611705 89 145 0.135107773320005
chr9.H2 chr7.H2 -0.0616673011039208 0.508069721935149 68 145 1
chr10.H2 chr7.H2 0.0904417430390096 0.319952654640157 79 145 0.96209727192286
chr11.H2 chr7.H2 -0.00647125999238675 1 72 145 1
chr12.H2 chr7.H2 0.0340692805481538 0.740749422391843 75 145 1
chr13.H2 chr7.H2 -0.13042651364573 0.136017981852879 63 145 0.800346327740544
chr14.H2 chr7.H2 -0.0634891306464347 0.506673925207719 68 145 1
chr15.H2 chr7.H2 -0.145004759999398 0.0974287008781323 62 145 0.75577422728329
chr16.H2 chr7.H2 -0.0752094494745448 0.407962354169479 67 145 0.977387167998401
chr17.H2 chr7.H2 0.0739621920433761 0.406004930813373 78 145 0.977387167998401
chr18.H2 chr7.H2 0.172059383326989 0.0466405503162132 85 145 0.510781949094062
chr19.H2 chr7.H2 0.01999238530336 0.868601765128492 74 145 1
chr20.H2 chr7.H2 0.0340692805481538 0.740749422391843 75 145 1
chr21.H2 chr7.H2 -0.062226452125726 0.507906390722966 68 145 1
chr22.H2 chr7.H2 0.0476009173889524 0.61963586694427 76 145 1
chrX.H2 chr7.H2 0.0616673011039208 0.508069721935149 77 145 1
chr10tr chr7.H2 0.0887788552902543 0.320514177320291 79 145 0.96209727192286
chr8.H2 chr8.H2 1 5.1318701485293e-43 145 145 1.75416652349729e-41
chr9.H2 chr8.H2 0.0223283239678506 0.868030468455137 74 145 1
chr10.H2 chr8.H2 0.0372280472940831 0.739357422730382 75 145 1
chr11.H2 chr8.H2 -0.0330153850122919 0.740411580807358 70 145 1
chr12.H2 chr8.H2 0.116030948482506 0.184674766654612 81 145 0.857333090750419
chr13.H2 chr8.H2 0.0925928355775914 0.317968645202074 79 145 0.96209727192286
chr14.H2 chr8.H2 -0.0948193895202654 0.316844351709375 66 145 0.96209727192286
chr15.H2 chr8.H2 0.0202252307084399 0.868304833385584 74 145 1
chr16.H2 chr8.H2 0.0372280472940831 0.739357422730382 75 145 1
chr17.H2 chr8.H2 -0.0159463353581453 0.86825188865274 72 145 1
chr18.H2 chr8.H2 -0.0223283239678506 0.868030468455137 71 145 1
chr19.H2 chr8.H2 -0.0372280472940831 0.739357422730382 70 145 1
chr20.H2 chr8.H2 0.0330153850122919 0.740411580807358 75 145 1
chr21.H2 chr8.H2 -0.0627745368214785 0.506629525462878 68 145 1
chr22.H2 chr8.H2 -0.0649104414358373 0.505704812734055 68 145 1
chrX.H2 chr8.H2 0.0606872395023631 0.507495320487295 77 145 1
chr10tr chr8.H2 0.0309456044713337 0.740888627903629 75 145 1
chr9.H2 chr9.H2 1 3.49566549364057e-43 145 145 1.45879995183437e-41
chr10.H2 chr9.H2 -0.0628332109534172 0.507441989477058 68 145 1
chr11.H2 chr9.H2 -0.0487247811191473 0.619366332103508 69 145 1
chr12.H2 chr9.H2 -0.0340692805481538 0.740749422391843 70 145 1
chr13.H2 chr9.H2 -0.00761614678223238 1 72 145 1
chr14.H2 chr9.H2 0.00819829614953961 1 73 145 1
chr15.H2 chr9.H2 -0.0481446250391703 0.619624939856131 69 145 1
chr16.H2 chr9.H2 0.0752094494745448 0.407962354169479 78 145 0.977387167998401
chr17.H2 chr9.H2 0.120523882889336 0.181266089989316 81 145 0.857333090750419
chr18.H2 chr9.H2 0.103920822230681 0.24612495381039 80 145 0.914885970786274
chr19.H2 chr9.H2 0.200875871381379 0.0199862827352502 87 145 0.28822935324602
chr20.H2 chr9.H2 0.0211267605633803 0.868501652187637 74 145 1
chr21.H2 chr9.H2 0.117411990708174 0.185103547252757 81 145 0.857333090750419
chr22.H2 chr9.H2 0.00761614678223238 1 73 145 1
chrX.H2 chr9.H2 -0.144461362771222 0.0975593815434603 62 145 0.75577422728329
chr10tr chr9.H2 -0.144027499140413 0.0974498972052236 62 145 0.75577422728329
chr10.H2 chr10.H2 1 3.69260439469078e-43 145 145 1.45879995183437e-41
chr11.H2 chr10.H2 -0.0628332109534172 0.507441989477059 68 145 1
chr12.H2 chr10.H2 -0.0476009173889524 0.61963586694427 69 145 1
chr13.H2 chr10.H2 -0.104761904761905 0.245451363932441 65 145 0.914885970786274
chr14.H2 chr10.H2 0.0505436269664845 0.618153322788257 76 145 1
chr15.H2 chr10.H2 -0.0342661392260051 0.740653368083725 70 145 1
chr16.H2 chr10.H2 -0.104761904761905 0.245451363932441 65 145 0.914885970786274
chr17.H2 chr10.H2 -0.0306695804152157 0.740187036939513 70 145 1
chr18.H2 chr10.H2 0.0904417430390096 0.319952654640157 79 145 0.96209727192286
chr19.H2 chr10.H2 0.0495238095238095 0.618869431748041 76 145 1
chr20.H2 chr10.H2 -0.13042651364573 0.136017981852879 63 145 0.800346327740544
chr21.H2 chr10.H2 -0.00666286040505656 1 72 145 1
chr22.H2 chr10.H2 0.0219047619047619 0.868317045226278 74 145 1
chrX.H2 chr10.H2 0.421744128066118 4.51950573333785e-07 103 145 9.80385089847134e-06
chr10tr chr10.H2 0.423098982821355 4.28586236956599e-07 103 145 9.47931912327537e-06
chr11.H2 chr11.H2 1 3.49566549364057e-43 145 145 1.45879995183437e-41
chr12.H2 chr11.H2 -0.116863342215455 0.185274026120708 64 145 0.857333090750419
chr13.H2 chr11.H2 0.0752094494745448 0.407962354169479 78 145 0.977387167998401
chr14.H2 chr11.H2 0.00819829614953961 1 73 145 1
chr15.H2 chr11.H2 0.062226452125726 0.507906390722966 77 145 1
chr16.H2 chr11.H2 0.01999238530336 0.868601765128492 74 145 1
chr17.H2 chr11.H2 0.00938898292778609 1 73 145 1
chr18.H2 chr11.H2 0.0211267605633803 0.868501652187637 74 145 1
chr19.H2 chr11.H2 0.00761614678223238 1 73 145 1
chr20.H2 chr11.H2 0.0487247811191473 0.619366332103508 76 145 1
chr21.H2 chr11.H2 0.00704091354327786 1 73 145 1
chr22.H2 chr11.H2 -0.0476009173889524 0.61963586694427 69 145 1
chrX.H2 chr11.H2 0.0211267605633803 0.868501652187637 74 145 1
chr10tr chr11.H2 -0.0335302114400961 0.740668978209638 70 145 1
chr12.H2 chr12.H2 1 3.49566549364058e-43 145 145 1.45879995183437e-41
chr13.H2 chr12.H2 -0.01999238530336 0.868601765128492 71 145 1
chr14.H2 chr12.H2 0.130028790092698 0.135750467627049 82 145 0.800346327740544
chr15.H2 chr12.H2 0.0757373943303943 0.407947688866977 78 145 0.977387167998401
chr16.H2 chr12.H2 -0.01999238530336 0.868601765128492 71 145 1
chr17.H2 chr12.H2 -0.0371727079181735 0.738475121322653 70 145 1
chr18.H2 chr12.H2 -0.0487247811191473 0.619366332103508 69 145 1
chr19.H2 chr12.H2 0.0752094494745448 0.407962354169479 78 145 0.977387167998401
chr20.H2 chr12.H2 0.0340692805481538 0.740749422391843 75 145 1
chr21.H2 chr12.H2 -0.145004759999398 0.0974287008781323 62 145 0.75577422728329
chr22.H2 chr12.H2 -0.0352246788678248 0.74038019088025 70 145 1
chrX.H2 chr12.H2 -0.186714883897982 0.0309226224783483 59 145 0.393939394236716
chr10tr chr12.H2 -0.187464363960537 0.0306739533727158 59 145 0.393939394236716
chr13.H2 chr13.H2 1 3.69260439469078e-43 145 145 1.45879995183437e-41
chr14.H2 chr13.H2 -0.0877361071871051 0.320635810214617 66 145 0.96209727192286
chr15.H2 chr13.H2 -0.0618694180469537 0.507906390722966 68 145 1
chr16.H2 chr13.H2 0.00571428571428571 1 73 145 1
chr17.H2 chr13.H2 -0.0306695804152157 0.740187036939513 70 145 1
chr18.H2 chr13.H2 -0.01999238530336 0.868601765128492 71 145 1
chr19.H2 chr13.H2 0.132380952380952 0.135153063281516 82 145 0.800346327740544
chr20.H2 chr13.H2 -0.01999238530336 0.868601765128492 71 145 1
chr21.H2 chr13.H2 0.0761469760577892 0.407595721606921 78 145 0.977387167998401
chr22.H2 chr13.H2 -0.0333333333333333 0.740770224167144 70 145 1
chrX.H2 chr13.H2 -0.0752094494745448 0.407962354169479 67 145 0.977387167998401
chr10tr chr13.H2 -0.0743281996848327 0.408035805429783 67 145 0.977387167998401
chr14.H2 chr14.H2 1 4.47393807820504e-43 145 145 1.57706317256728e-41
chr15.H2 chr14.H2 -0.0211590167114525 0.868304833385584 71 145 1
chr16.H2 chr14.H2 -0.0600801603563872 0.50803932253386 68 145 1
chr17.H2 chr14.H2 -0.000383881939460265 1 73 145 1
chr18.H2 chr14.H2 -0.00819829614953961 1 72 145 1
chr19.H2 chr14.H2 0.0877361071871051 0.320635810214617 79 145 0.96209727192286
chr20.H2 chr14.H2 -0.22936163413712 0.00766258081597287 56 145 0.135107773320005
chr21.H2 chr14.H2 0.0617614541847803 0.507428720870033 77 145 1
chr22.H2 chr14.H2 -0.10585552062792 0.244482540026626 65 145 0.914885970786274
chrX.H2 chr14.H2 -0.0634891306464347 0.50667392520772 68 145 1
chr10tr chr14.H2 -0.0929389583762519 0.318044849916718 66 145 0.96209727192286
chr15.H2 chr15.H2 1 3.40118804786652e-43 145 145 1.45879995183437e-41
chr16.H2 chr15.H2 0.0761469760577892 0.40759572160692 78 145 0.977387167998401
chr17.H2 chr15.H2 -0.0216480244009416 0.867613775804674 71 145 1
chr18.H2 chr15.H2 0.0481446250391703 0.619624939856131 76 145 1
chr19.H2 chr15.H2 -0.0485436972368406 0.619362689740794 69 145 1
chr20.H2 chr15.H2 -0.00704091354327786 1 72 145 1
chr21.H2 chr15.H2 0.00684931506849315 1 73 145 1
chr22.H2 chr15.H2 -0.131353533699686 0.135709267605081 63 145 0.800346327740544
chrX.H2 chr15.H2 0.0481446250391703 0.619624939856131 76 145 1
chr10tr chr15.H2 0.0480000313469695 0.619362689740795 76 145 1
chr16.H2 chr16.H2 1 3.69260439469078e-43 145 145 1.45879995183437e-41
chr17.H2 chr16.H2 -0.0862581949177943 0.319575931357431 66 145 0.96209727192286
chr18.H2 chr16.H2 0.0352246788678248 0.74038019088025 75 145 1
chr19.H2 chr16.H2 0.0495238095238095 0.618869431748041 76 145 1
chr20.H2 chr16.H2 -0.01999238530336 0.868601765128492 71 145 1
chr21.H2 chr16.H2 -0.0618694180469537 0.507906390722966 68 145 1
chr22.H2 chr16.H2 0.0219047619047619 0.868317045226278 74 145 1
chrX.H2 chr16.H2 0.00761614678223238 1 73 145 1
chr10tr chr16.H2 0.0638460176779973 0.506709390073334 77 145 1
chr17.H2 chr17.H2 1 9.13998875007888e-43 145 145 2.29109051335311e-41
chr18.H2 chr17.H2 -0.0927401578989483 0.316262339251324 66 145 0.96209727192286
chr19.H2 chr17.H2 0.0862581949177943 0.319575931357431 79 145 0.96209727192286
chr20.H2 chr17.H2 0.0183947420626013 0.868059520667284 74 145 1
chr21.H2 chr17.H2 0.00613041398964717 1 73 145 1
chr22.H2 chr17.H2 0.0306695804152157 0.740187036939513 75 145 1
chrX.H2 chr17.H2 -0.00938898292778609 1 72 145 1
chr10tr chr17.H2 -0.0404686407210238 0.737893259247959 70 145 1
chr18.H2 chr18.H2 1 3.49566549364058e-43 145 145 1.45879995183437e-41
chr19.H2 chr18.H2 -0.0628332109534172 0.507441989477059 68 145 1
chr20.H2 chr18.H2 0.0340692805481538 0.740749422391843 75 145 1
chr21.H2 chr18.H2 0.0481446250391703 0.619624939856131 76 145 1
chr22.H2 chr18.H2 0.240860641988099 0.00472359650800119 90 145 0.0903087603563617
chrX.H2 chr18.H2 0.116863342215455 0.185274026120708 81 145 0.857333090750419
chr10tr chr18.H2 0.171651821065492 0.0465683725142706 85 145 0.510781949094062
chr19.H2 chr19.H2 1 3.69260439469078e-43 145 145 1.45879995183437e-41
chr20.H2 chr19.H2 -0.0904417430390096 0.319952654640157 66 145 0.96209727192286
chr21.H2 chr19.H2 0.0894726968679023 0.320483824742986 79 145 0.96209727192286
chr22.H2 chr19.H2 -0.0219047619047619 0.868317045226278 71 145 1
chrX.H2 chr19.H2 -0.0628332109534172 0.507441989477059 68 145 1
chr10tr chr19.H2 -0.119115704623129 0.183856844972005 64 145 0.857333090750419
chr20.H2 chr20.H2 1 3.49566549364058e-43 145 145 1.45879995183437e-41
chr21.H2 chr20.H2 -0.0346336828345019 0.740653368083725 70 145 1
chr22.H2 chr20.H2 0.0476009173889524 0.61963586694427 76 145 1
chrX.H2 chr20.H2 0.00647125999238675 1 73 145 1
chr10tr chr20.H2 -0.0217184324100622 0.868312977799104 71 145 1
chr21.H2 chr21.H2 1 3.40118804786652e-43 145 145 1.45879995183437e-41
chr22.H2 chr21.H2 -0.158956812520635 0.0680505915295437 61 145 0.65302896630455
chrX.H2 chr21.H2 -0.00704091354327786 1 72 145 1
chr10tr chr21.H2 -0.0624762312770079 0.507428720870033 68 145 1
chr22.H2 chr22.H2 1 3.69260439469078e-43 145 145 1.45879995183437e-41
chrX.H2 chr22.H2 0.0476009173889524 0.61963586694427 76 145 1
chr10tr chr22.H2 0.0466933562122667 0.619690612315429 76 145 1
chrX.H2 chrX.H2 1 3.49566549364058e-43 145 145 1.45879995183437e-41
chr10tr chrX.H2 0.917508513042629 1.06030097184518e-33 139 145 2.4408561147783e-32
chr10tr chr10tr 1 4.00911334280721e-43 145 145 1.45879995183437e-41
